0 Bike  2 Wheel Motorcycle Body (needs work)
0 Name: dx900.dat
0 Was: x900.dat
0 Author: Kevin M Bane
0 UNOFFICIAL Part Update 2001-01
0 // Many conditional lines missing
0 CATEGORY Car
0 KEYWORDS minifig, town, motorbike

0 Un-Official Datsville Part
0 Parent: Vtemc1.ldr Vtemc2.ldr

0 BFC CERTIFY CCW

0 // 2006-08-16 WilliamH BFCed
1 16 0 0 -10 1 0 0 0 1 0 0 0 1 stud2.dat
1 16 0 0 10 1 0 0 0 1 0 0 0 1 stud2.dat
1 16 0 10 20 1 0 0 0 0 1 0 -1 0 stud2.dat
2 24 12 15.69 -11.903 12 28.096 -5.693
2 24 9 28.096 -5.693 12 28.096 -5.693
2 24 12 24.307 1.904 12 11.903 -4.31
2 24 12 24.307 1.904 9 24.307 1.904
2 24 9 15.69 -11.903 9 28.096 -5.693
2 24 9 15.69 -11.903 12 15.69 -11.903
2 24 9 24.307 1.904 9 11.903 -4.31
2 24 9 11.903 -4.31 12 11.903 -4.31
4 16 12 28.096 -5.693 12 24.307 1.904 12 11.903 -4.31 12 15.69 -11.903
4 16 12 15.69 -11.903 9 15.69 -11.903 9 28.096 -5.693 12 28.096 -5.693
4 16 12 24.307 1.904 9 24.307 1.904 9 11.903 -4.31 12 11.903 -4.31
4 16 9 15.69 -11.903 9 11.903 -4.31 9 24.307 1.904 9 28.096 -5.693
2 24 9 10.419 -15.985 9 12.678 -15.369
2 24 9 12.678 -15.369 9 14.528 -13.936
2 24 9 14.528 -13.936 9 15.69 -11.903
2 24 12 15.69 -11.903 12 15.985 -9.581
2 24 12 15.985 -9.581 12 15.369 -7.322
2 24 12 15.369 -7.322 12 13.936 -5.472
2 24 12 13.936 -5.472 12 11.903 -4.31
2 24 9 11.903 -4.31 9 9.581 -4.015
2 24 9 9.581 -4.015 9 7.322 -4.631
2 24 9 7.322 -4.631 9 5.472 -6.064
2 24 9 5.472 -6.064 9 4.31 -8.097
2 24 9 4.31 -8.097 9 4.015 -10.419
2 24 9 4.015 -10.419 9 4.631 -12.678
2 24 9 4.631 -12.678 9 6.064 -14.528
2 24 9 6.064 -14.528 9 8.097 -15.69
2 24 9 8.097 -15.69 9 10.419 -15.985
1 16 12 10 -10 0 1 0 0.279 0 3.99 -3.99 0 0.279 4-4edge.dat
1 16 16 10 -10 0 1 0 0.279 0 3.99 -3.99 0 0.279 4-4edge.dat
1 16 16 10 -10 0 1 0 0.419 0 5.985 -5.985 0 0.419 4-4edge.dat
1 16 12 10 -10 0 -1 0 -1.95375 0 -5.67262 -5.67262 0 1.95375 3-8edge.dat
2 24 12 8 -4.4 12 7.322 -4.631
1 16 -12 10 -10 0 -1 0 -1.95375 0 -5.67262 -5.67262 0 1.95375 3-8edge.dat
2 24 -12 8 -4.4 -12 7.322 -4.631
0 BFC INVERTNEXT
1 16 16 10 -10 0 -4 0 0.279 0 3.99 -3.99 0 0.279 4-4cyli.dat
1 16 16 10 -10 0 -7 0 0.419 0 5.985 -5.985 0 0.419 4-4cyli.dat
1 16 16 10 -10 0 -1 0 0.14 0 1.995 -1.995 0 0.14 4-4ring2.dat
1 16 12 10 -10 0 -1 0 0.279 0 3.99 -3.99 0 0.279 4-4disc.dat
1 16 9 10 -10 0 1 0 0.419 0 5.985 -5.985 0 0.419 4-4disc.dat
2 24 9 35.988 0.42 9 35.372 2.68
2 24 9 35.372 2.68 9 33.937 4.531
2 24 9 33.937 4.531 9 31.904 5.693
2 24 9 31.904 5.693 9 29.58 5.988
2 24 9 29.58 5.988 9 27.32 5.372
2 24 9 27.32 5.372 9 25.469 3.937
2 24 9 25.469 3.937 9 24.307 1.904
2 24 12 24.307 1.904 12 24.012 -0.42
2 24 12 24.012 -0.42 12 24.628 -2.68
2 24 12 24.628 -2.68 12 26.063 -4.531
2 24 12 26.063 -4.531 12 28.096 -5.693
2 24 9 28.096 -5.693 9 30.42 -5.988
2 24 9 30.42 -5.988 9 32.68 -5.372
2 24 9 32.68 -5.372 9 34.531 -3.937
2 24 9 34.531 -3.937 9 35.693 -1.904
2 24 9 35.693 -1.904 9 35.988 0.42
1 16 13 30 0 0 1 0 5.988 0 -0.42 0.42 0 5.988 4-4edge.dat
1 16 9 30 0 0 4 0 5.988 0 -0.42 0.42 0 5.988 4-4cyli.dat
1 16 13 30 0 0 -1 0 5.988 0 -0.42 0.42 0 5.988 4-4disc.dat
1 16 9 30 0 0 1 0 1.995 0 -0.14 0.14 0 1.995 4-4ring2.dat
1 16 9 30 0 0 1 0 1.995 0 -0.14 0.14 0 1.995 4-4ring1.dat
1 16 9 30 0 0 2 0 1.995 0 -0.14 0.14 0 1.995 4-4edge.dat
0 BFC INVERTNEXT
1 16 9 30 0 0 2 0 1.995 0 -0.14 0.14 0 1.995 4-4cyli.dat
1 16 11 30 0 0 2 0 1.995 0 -0.14 0.14 0 1.995 4-4disc.dat
2 24 12 0.25 -20 12 0.25 19.75
2 24 12 0.25 19.75 9 0.25 19.75
2 24 16 0.25 -20 1 0.25 -20
2 24 1 0.25 -20 1 0.25 -18
2 24 9 0.25 -14 1 0.25 -18
2 24 9 0.25 -14 9 0.25 19.75
2 24 9 20 19.75 9 0.25 19.75
2 24 12 20 19.75 12 0.25 19.75
2 24 12 20 19.75 9 20 19.75
2 24 12 20 17 9 20 17
2 24 12 20 19.75 12 20 17
1 16 12 20 -1 0 -1 0 0 0 -12 18 0 0 1-4edge.DAT
2 24 12 8 -4.4 12 8 -1
2 24 9 20 19.75 9 20 17
1 16 9 20 -1 0 -1 0 0 0 -12 18 0 0 1-4edge.DAT
2 24 9 8 -4.4 9 8 -1
2 24 12 20 -20 12 8.097 -15.69
2 24 9 20 -20 9 8.097 -15.69
4 16 12 0.25 -18 1 0.25 -18 1 0.25 -20 12 0.25 -20
3 16 9 0.25 -14 1 0.25 -18 9 0.25 -18
4 16 12 0.25 19.75 9 0.25 19.75 9 0.25 -20 12 0.25 -20
4 16 12 0.25 19.75 12 20 19.75 9 20 19.75 9 0.25 19.75
4 16 12 0.25 -20 12 8 -20 12 8 19.75 12 0.25 19.75
4 16 9 0.25 19.75 9 8 19.75 9 8.097 -15.69 9 0.25 -17
4 16 12 8 17 12 20 17 12 20 19.75 12 8 19.75
4 16 9 8 17 9 20 17 9 20 19.75 9 8 19.75
1 16 12 20 -1 0 -1 0 0 0 -12 18 0 0 1-4ndis.dat
1 16 9 20 -1 0 1 0 0 0 -12 18 0 0 1-4ndis.dat
4 16 12 20 19.75 12 20 17 9 20 17 9 20 19.75
0 BFC INVERTNEXT
1 16 9 20 -1 0 3 0 0 0 -12 18 0 0 1-4cyli.DAT
4 16 9 8 -4.4 9 8 -1 12 8 -1 12 8 -4.4
4 16 9 20 -20 9 8.097 -15.69 12 8.097 -15.69 12 20 -20
3 16 12 8 -15.6 12 8 -20 12 20 -20
4 16 9 20 -20 9 20 -25 9 0.25 -17 9 8.097 -15.69
2 24 1 0 -18 9 0 -14
2 24 9 0 -14 9 0.25 -14
2 24 9 0 -14 9 0 20
2 24 9 0 20 0 0 20
2 24 9 0 20 9 20 20
2 24 9 20 20 9 20 19.75
2 24 9 7.25 17 9 20 17
2 24 9 7.25 17 0 7.25 17
2 24 9 7.897 16.023 9 7.246 16.996
2 24 9 8.125 14.875 9 7.897 16.023
2 24 9 7.897 13.727 9 8.125 14.875
2 24 9 7.246 12.754 9 7.897 13.727
2 24 9 6.273 12.103 9 7.246 12.754
2 24 9 5.125 11.875 9 6.273 12.103
2 24 9 3.977 12.103 9 5.125 11.875
2 24 9 3.004 12.754 9 3.977 12.103
2 24 9 3 12.75 0 3 12.75
2 24 9 3 12.75 9 3 -18
4 16 0 0 -18 1 0 -18 9 0 -14 0 0 -14
4 16 1 0 -18 1 0.25 -18 9 0.25 -14 9 0 -14
4 16 0 0 -14 9 0 -14 9 0 20 0 0 20
4 16 9 0 -14 9 0.25 -14 9 0.25 20 9 0 20
4 16 9 0 20 9 20 20 0 20 20 0 0 20
4 16 9 0 19.75 9 20 19.75 9 20 20 9 0 20
4 16 9 20 20 9 20 17 0 20 17 0 20 20
4 16 0 7.25 17 0 20 17 9 20 17 9 7.25 17
4 16 0 7.897 16.023 0 7.246 16.996 9 7.246 16.996 9 7.897 16.023
5 24 9 7.897 16.023 0 7.897 16.023 9 7.246 16.996 9 8.125 14.875
4 16 0 8.125 14.875 0 7.897 16.023 9 7.897 16.023 9 8.125 14.875
5 24 9 8.125 14.875 0 8.125 14.875 9 7.897 16.023 9 7.897 13.727
4 16 0 7.897 13.727 0 8.125 14.875 9 8.125 14.875 9 7.897 13.727
5 24 9 7.897 13.727 0 7.897 13.727 9 8.125 14.875 9 7.246 12.754
4 16 0 7.246 12.754 0 7.897 13.727 9 7.897 13.727 9 7.246 12.754
5 24 9 7.246 12.754 0 7.246 12.754 9 7.897 13.727 9 6.273 12.103
4 16 0 6.273 12.103 0 7.246 12.754 9 7.246 12.754 9 6.273 12.103
5 24 9 6.273 12.103 0 6.273 12.103 9 7.246 12.754 9 5.125 11.875
4 16 0 5.125 11.875 0 6.273 12.103 9 6.273 12.103 9 5.125 11.875
5 24 9 5.125 11.875 0 5.125 11.875 9 6.273 12.103 9 3.977 12.103
4 16 0 3.977 12.103 0 5.125 11.875 9 5.125 11.875 9 3.977 12.103
5 24 9 3.977 12.103 0 3.977 12.103 9 5.125 11.875 9 3.004 12.754
4 16 0 3.004 12.754 0 3.977 12.103 9 3.977 12.103 9 3.004 12.754
5 24 9 3.004 12.754 0 3.004 12.754 9 3.977 12.103 9 2.353 13.727
4 16 0 3 -14 0 3 12.75 9 3 12.75 9 3 -14
4 16 1 3 -18 0 3 -18 0 3 -14 9 3 -14
2 24 16 0.25 -20 16 20 -20
2 24 7 20 -20 16 20 -20
2 24 12 20 -20 12 0.25 -20
2 24 16 20 -20 16 20 -28
2 24 16 0.25 -20 16 20 -28
2 24 9 20 -28 16 20 -28
2 24 9 20 -28 9 20 -20
2 24 1 0.25 -20 1 20 -28
2 24 1 3 -18 1 0 -18
2 24 1 3 -18 0 3 -18
2 24 1 3 -18 9 3 -14
2 24 0 3 -18 0 20 -25
2 24 9 3 -18 9 20 -25
2 24 9 32 -33 9 20 -28
2 24 1 32 -33 1 20 -28
2 24 1 32 -33 9 32 -33
2 24 9 24 -53 9 32 -33
2 24 1 24 -53 1 32 -33
2 24 1 24 -53 9 24 -53
2 24 1 0 -43 1 24 -53
2 24 9 0 -43 9 24 -53
4 16 1 0.25 -18 1 3 -18 9 3 -14 9 0.25 -14
3 16 9 3 -14 9 3 -18 1 3 -18
4 16 0 3 -18 9 3 -18 9 20 -25 0 20 -25
4 16 12 0.25 -20 16 0.25 -20 16 20 -20 12 20 -20
3 16 16 20 -28 16 20 -20 16 0.25 -20
4 16 9 20 -20 16 20 -20 16 20 -28 9 20 -28
4 16 1 20 -28 16 20 -28 16 0.25 -20 1 0.25 -20
4 16 1 20 -28 1 32 -33 9 32 -33 9 20 -28
4 16 1 32 -33 1 24 -53 9 24 -53 9 32 -33
4 16 9 0 -43 9 24 -53 1 24 -53 1 0 -43
2 24 1 0 -18 1 0 -20
2 24 1 0 -20 1 5.444 -22.685
2 24 1 8.364 -24.636 1 5.444 -22.685
2 24 1 10.315 -27.556 1 8.364 -24.636
2 24 1 11 -31 1 10.315 -27.556
2 24 1 10.315 -34.444 1 11 -31
2 24 1 8.364 -37.364 1 10.315 -34.444
2 24 1 5.444 -39.315 1 8.364 -37.364
2 24 1 5.444 -39.315 1 0 -43
4 16 1 0 -18 1 0 -20 1 0.25 -20 1 0.25 -18
4 16 0 0 -18 0 0 -20 1 0 -20 1 0 -18
3 16 1 20 -28 1 0.25 -20 1 0 -20
4 16 1 0 -20 1 5.444 -22.685 1 32 -33 1 20 -28
4 16 0 0 -20 0 5.444 -22.685 1 5.444 -22.685 1 0 -20
3 16 1 32 -33 1 5.444 -22.685 1 8.364 -24.636
4 16 1 8.364 -24.636 1 5.444 -22.685 0 5.44 -22.685 0 8.364 -24.636
3 16 1 32 -33 1 8.364 -24.636 1 10.315 -27.556
4 16 1 10.315 -27.556 1 8.364 -24.636 0 8.364 -24.636 0 10.315 -27.556
3 16 1 32 -33 1 10.315 -27.556 1 11 -31
4 16 1 11 -31 1 10.315 -27.556 0 10.315 -27.556 0 11 -31
4 16 1 24 -53 1 32 -33 1 11 -31 1 10.315 -34.444
4 16 1 10.315 -34.444 1 11 -31 0 11 -31 0 10.315 -34.444
3 16 1 24 -53 1 10.315 -34.444 1 8.364 -37.364
4 16 1 8.364 -37.364 1 10.315 -34.444 0 10.315 -34.444 0 8.364 -37.364
3 16 1 24 -53 1 8.364 -37.364 1 5.444 -39.315
4 16 1 5.444 -39.315 1 8.364 -37.364 0 8.364 -37.364 0 5.444 -39.315
3 16 1 5.444 -39.315 1 0 -43 1 24 -53
4 16 0 5.444 -39.315 0 0 -43 1 0 -43 1 5.444 -39.315
2 24 9 40 15 9 32 15
2 24 9 32 15 13 32 15
2 24 13 40 15 9 40 15
2 24 9 40 15 9 40 -28
2 24 9 32 -5.55 9 32 -51
2 24 9 32 -5.55 13 32 -5.55
2 24 13 32 -5.55 13 32 5.64
2 24 9 32 5.64 13 32 5.64
2 24 9 32 5.64 9 32 15
4 16 9 32 -25 9 32 15 9 40 15 9 40 -28
4 16 13 32 15 13 40 15 9 40 15 9 32 15
4 16 13 32 -51 13 32 15 9 32 15 9 32 -51
4 16 9 40 -51 9 40 15 13 40 15 13 40 -51
1 16 13 36 15 0 0 4 4 0 0 0 -1 0 2-4disc.dat
1 16 13 36 15 0 0 4 4 0 0 0 1 0 2-4edge.dat
1 16 13 36 15 0 0 4 4 0 0 0 -66 0 2-4cyli.dat
4 16 13 40 -51 14.531 39.696 -51 14.531 39.111 -53.945 13 39.392 -54.062
4 16 14.531 39.696 -51 15.828 38.828 -51 15.828 38.309 -53.614 14.531 39.111 -53.945
4 16 15.828 38.828 -51 16.696 37.531 -51 16.696 37.11 -53.117 15.828 38.309 -53.614
4 16 16.696 37.531 -51 17 36 -51 17 35.696 -52.531 16.696 37.11 -53.117
4 16 17 36 -51 16.696 34.469 -51 16.696 34.282 -51.945 17 35.696 -52.531
4 16 16.696 34.469 -51 15.828 33.172 -51 15.828 33.083 -51.448 16.696 34.282 -51.945
4 16 15.828 33.172 -51 14.531 32.304 -51 14.531 32.281 -51.117 15.828 33.083 -51.448
3 16 14.531 32.304 -51 13 32 -51 14.531 32.281 -51.117
4 16 13 39.391 -54.061 14.531 39.11 -53.945 14.531 37.443 -56.442 13 37.658 -56.658
4 16 14.531 39.11 -53.945 15.828 38.308 -53.613 15.828 36.828 -55.829 14.531 37.443 -56.442
4 16 15.828 38.308 -53.613 16.696 37.11 -53.117 16.696 35.911 -54.911 15.828 36.828 -55.829
4 16 16.696 37.11 -53.117 17 35.696 -52.531 17 34.829 -53.829 16.696 35.911 -54.911
4 16 17 35.696 -52.531 16.696 34.281 -51.945 16.696 33.747 -52.746 17 34.829 -53.829
4 16 16.696 34.281 -51.945 15.828 33.083 -51.449 15.828 32.829 -51.828 16.696 33.747 -52.746
4 16 15.828 33.083 -51.449 14.531 32.281 -51.116 14.531 32.215 -51.216 15.828 32.829 -51.828
3 16 14.531 32.281 -51.116 13 32 -51 14.531 32.215 -51.216
4 16 13 37.657 -56.657 14.531 37.442 -56.442 14.531 34.946 -58.111 13 35.038 -58.404
4 16 14.531 37.442 -56.442 15.828 36.828 -55.828 15.828 34.613 -57.31 14.531 34.946 -58.111
4 16 15.828 36.828 -55.828 16.696 35.911 -54.911 16.696 34.116 -56.11 15.828 34.613 -57.31
4 16 16.696 35.911 -54.911 17 34.828 -53.828 17 33.531 -54.696 16.696 34.116 -56.11
4 16 17 34.828 -53.828 16.696 33.746 -52.746 16.696 32.945 -53.282 17 33.531 -54.696
4 16 16.696 33.746 -52.746 15.828 32.829 -51.829 15.828 32.449 -52.083 16.696 32.945 -53.282
4 16 15.828 32.829 -51.829 14.531 32.215 -51.215 14.531 32.116 -51.281 15.828 32.449 -52.083
3 16 14.531 32.215 -51.215 13 32 -51 14.531 32.116 -51.281
3 16 9 32 -51 9 15 -58 13 32 -51
1 16 13 33.519 -54.702 0 -4 4 1.519 -17.116 0 -3.702 -7.02 0 2-4cyli.dat
2 24 9 32 -51 9 15 -58
1 16 9 16.531 -61.696 0 4 0 1.531 0 -3.696 -3.696 0 -1.531 2-4edge.dat
1 16 9 16.531 -61.696 0 0 4 -1.531 -3.696 0 3.696 -1.531 0 2-8sphe.dat
2 24 7 20 -20 7 20 -25
2 24 9 20 -25 7 20 -25
2 24 9 20 -20 9 32 -25
2 24 7 32 -25 7 20 -20
2 24 7 32 -25 7 32 -30
2 24 0 32 -25 0 32 -30
2 24 7 20 -25 7 32 -30
2 24 0 20 -25 0 32 -30
2 24 7 32 -30 0 32 -30
2 24 7 32 -25 0 32 -25
2 24 0 40 -28 0 32 -25
2 24 0 40 -28 9 40 -28
2 24 0 40 -34 0 40 -28
4 16 7 20 -20 7 20 -25 9 20 -25 9 20 -20
4 16 9 20 -20 9 20 -28 9 32 -33 9 32 -25
4 16 9 20 -20 9 32 -25 7 32 -25 7 20 -20
4 16 7 32 -30 7 20 -25 7 20 -20 7 32 -25
4 16 7 20 -25 7 32 -30 0 32 -30 0 20 -25
4 16 0 32 -25 0 32 -30 7 32 -30 7 32 -25
4 16 9 40 -28 0 40 -28 0 32 -25 9 32 -25
4 16 9 40 -28 6 40 -34 0 40 -34 0 40 -28
4 16 9 40 -51 6 40 -46 6 40 -34 9 40 -28
2 24 6 36 -34 0 36 -34
2 24 0 36 -46 0 36 -34
2 24 0 36 -46 6 36 -46
2 24 6 36 -46 6 36 -34
2 24 6 40 -34 0 40 -34
2 24 0 40 -46 6 40 -46
2 24 6 40 -46 6 40 -34
2 24 6 40 -34 6 36 -34
2 24 0 40 -34 0 36 -34
2 24 0 40 -46 0 36 -46
2 24 6 40 -46 6 36 -46
4 16 6 36 -34 6 36 -46 0 36 -46 0 36 -34
4 16 0 36 -34 0 40 -34 6 40 -34 6 36 -34
4 16 6 36 -46 6 40 -46 0 40 -46 0 36 -46
4 16 6 36 -34 6 40 -34 6 40 -46 6 36 -46
4 16 6 40 -46 9 40 -51 0 40 -51 0 40 -46
2 24 0 40 -51 0 40 -46
2 24 0 39.392 -54.062 0 40 -51
2 24 0 37.658 -56.658 0 39.391 -54.06
2 24 0 35.062 -58.392 0 37.657 -56.657
4 16 13 40 -51 13 39.392 -54.062 0 39.392 -54.062 0 40 -51
4 16 13 39.391 -54.06 13 37.658 -56.658 0 37.658 -56.658 0 39.391 -54.06
4 16 13 37.657 -56.657 13 35.038 -58.404 0 35.038 -58.404 0 37.657 -56.657
2 24 9 18.062 -65.392 9 8 -69.5
2 24 9 8 -69.5 9 2 -72
2 24 0 35.062 -58.392 0 2 -72
2 24 0 -10 -67 0 2 -72
2 24 9 -10 -67 9 2 -72
2 24 0 -10 -67 0 0 -43
2 24 9 -10 -67 9 0 -43
2 24 9 8 -46.333 9 8 -69.5
3 16 9 24 -53 9 32 -51 9 32 -33
4 16 9 8 -69.5 9 18.062 -65.392 9 32 -51 9 24 -53
3 16 9 8 -46.333 9 8 -69.5 9 24 -53
4 16 13 35.038 -58.404 9 17.922 -65.424 0 17.922 -65.424 0 35.038 -58.404
4 16 0 2 -72 0 17.922 -65.424 9 17.922 -65.424 9 2 -72
4 16 0 -10 -67 0 2 -72 9 2 -72 9 -10 -67
4 16 9 -10 -67 9 0 -43 0 0 -43 0 -10 -67
4 16 11 6 -68.333 11 2 -70 9 2 -72 9 8 -69.5
4 16 11 2 -70 11 -7.6 -66 9 -10 -67 9 2 -72
4 16 11 -7.6 -66 11 1 -45.36 9 0 -43 9 -10 -67
4 16 11 1 -45.36 11 6 -47.443 9 8 -46.333 9 0 -43
4 16 11 6 -47.443 11 6 -68.333 9 8 -69.5 9 8 -46.333
2 24 9 8 -69.5 11 6 -68.333
2 24 11 6 -68.333 11 2 -70
2 24 9 2 -72 11 2 -70
2 24 11 2 -70 11 -7.6 -66
2 24 9 -10 -67 11 -7.6 -66
2 24 11 -7.6 -66 11 1 -45.36
2 24 9 0 -43 11 1 -45.36
2 24 11 1 -45.36 11 6 -47.443
2 24 9 8 -46.333 11 6 -47.443
2 24 11 6 -47.443 11 6 -68.333
3 16 11 -7.6 -66 11 2 -70 11 6 -68.333
4 16 11 6 -68.333 11 6 -47.443 11 1 -45.36 11 -7.6 -66
1 16 9 29.6 -43 0 -1 0 1.5 0 0 0 0 1.5 4-4edge.dat
2 24 9 30.661 -41.939 9 32 -41.939
2 24 9 32 -41.939 13 32 -41.939
2 24 17 36 -41.939 18 30.661 -41.939
2 24 9 30.661 -41.939 18 30.661 -41.939
1 16 13 36 -41.939 4 0 0 0 0 -4 0 -1 0 1-4edge.DAT
2 24 9 30.661 -44.061 18 30.661 -44.061
2 24 9 30.661 -44.061 9 32 -44.061
1 16 13 36 -44.061 4 0 0 0 0 -4 0 -1 0 1-4edge.DAT
2 24 17 36 -44.061 18 30.661 -44.061
4 16 9 32 -41.939 9 30.661 -41.939 18 30.661 -41.939 17 32 -41.939
1 16 13 36 -41.939 4 0 0 0 0 -4 0 -1 0 1-4ndis.dat
3 16 17 36 -41.939 17 32 -41.939 18 30.661 -41.939
4 16 9 30.661 -41.939 9 30.174 -41.614 18 30.174 -41.614 18 30.661 -41.939
5 24 9 30.661 -41.939 18 30.661 -41.939 9 30.174 -41.614 9 30.986 -42.426
4 16 9 30.174 -41.614 9 29.6 -41.5 18 29.6 -41.5 18 30.174 -41.614
5 24 9 30.174 -41.614 18 30.174 -41.614 9 29.6 -41.5 9 30.661 -41.939
4 16 9 29.6 -41.5 9 29.026 -41.614 18 29.026 -41.614 18 29.6 -41.5
5 24 9 29.6 -41.5 18 29.6 -41.5 9 29.026 -41.614 9 30.174 -41.614
4 16 9 29.026 -41.614 9 28.539 -41.939 18 28.539 -41.939 18 29.026 -41.614
5 24 9 29.026 -41.614 18 29.026 -41.614 9 28.539 -41.939 9 29.6 -41.5
4 16 9 28.539 -41.939 9 28.214 -42.426 18 28.214 -42.426 18 28.539 -41.939
5 24 9 28.539 -41.939 18 28.539 -41.939 9 28.214 -42.426 9 29.026 -41.614
4 16 9 28.214 -42.426 9 28.1 -43 18 28.1 -43 18 28.214 -42.426
5 24 9 28.214 -42.426 18 28.214 -42.426 9 28.1 -43 9 28.539 -41.939
4 16 9 28.1 -43 9 28.214 -43.574 18 28.214 -43.574 18 28.1 -43
5 24 9 28.1 -43 18 28.1 -43 9 28.214 -43.574 9 28.214 -42.426
4 16 9 28.214 -43.574 9 28.539 -44.061 18 28.539 -44.061 18 28.214 -43.574
5 24 9 28.214 -43.574 18 28.214 -43.574 9 28.539 -44.061 9 28.1 -43
4 16 9 28.539 -44.061 9 29.026 -44.386 18 29.026 -44.386 18 28.539 -44.061
5 24 9 28.539 -44.061 18 28.539 -44.061 9 29.026 -44.386 9 28.214 -43.574
4 16 9 29.026 -44.386 9 29.6 -44.5 18 29.6 -44.5 18 29.026 -44.386
5 24 9 29.026 -44.386 18 29.026 -44.386 9 29.6 -44.5 9 28.539 -44.061
4 16 9 29.6 -44.5 9 30.174 -44.386 18 30.174 -44.386 18 29.6 -44.5
5 24 9 29.6 -44.5 18 29.6 -44.5 9 30.174 -44.386 9 29.026 -44.386
4 16 9 30.174 -44.386 9 30.661 -44.061 18 30.661 -44.061 18 30.174 -44.386
5 24 9 30.174 -44.386 18 30.174 -44.386 9 30.661 -44.061 9 29.6 -44.5
4 16 9 30.661 -44.061 9 32 -44.061 17 32 -44.061 18 30.661 -44.061
1 16 13 36 -44.061 4 0 0 0 0 -4 0 1 0 1-4ndis.dat
3 16 18 30.661 -44.061 17 32 -44.061 17 36 -44.061
3 16 18 30.661 -41.939 18 30.986 -42.426 17 36 -41.939
3 16 17 36 -41.939 18 30.986 -42.426 18 31.1 -43
3 16 17 36 -41.939 18 31.1 -43 17 36 -44.061
3 16 18 31.1 -43 18 30.986 -43.574 17 36 -44.061
3 16 18 30.986 -43.574 18 30.661 -44.061 17 36 -44.061
1 16 18 29.6 -43 0 1.5 0 1.5 0 0 0 0 1.5 4-8sphe.dat
2 24 -12 15.69 -11.903 -12 28.096 -5.693
2 24 -9 28.096 -5.693 -12 28.096 -5.693
2 24 -12 24.307 1.904 -12 11.903 -4.31
2 24 -12 24.307 1.904 -9 24.307 1.904
2 24 -9 15.69 -11.903 -9 28.096 -5.693
2 24 -9 15.69 -11.903 -12 15.69 -11.903
2 24 -9 24.307 1.904 -9 11.903 -4.31
2 24 -9 11.903 -4.31 -12 11.903 -4.31
4 16 -12 15.69 -11.903 -12 11.903 -4.31 -12 24.307 1.904 -12 28.096 -5.693
4 16 -12 28.096 -5.693 -9 28.096 -5.693 -9 15.69 -11.903 -12 15.69 -11.903
4 16 -12 11.903 -4.31 -9 11.903 -4.31 -9 24.307 1.904 -12 24.307 1.904
4 16 -9 28.096 -5.693 -9 24.307 1.904 -9 11.903 -4.31 -9 15.69 -11.903
2 24 -9 10.419 -15.985 -9 12.678 -15.369
2 24 -9 12.678 -15.369 -9 14.528 -13.936
2 24 -9 14.528 -13.936 -9 15.69 -11.903
2 24 -12 15.69 -11.903 -12 15.985 -9.581
2 24 -12 15.985 -9.581 -12 15.369 -7.322
2 24 -12 15.369 -7.322 -12 13.936 -5.472
2 24 -12 13.936 -5.472 -12 11.903 -4.31
2 24 -9 11.903 -4.31 -9 9.581 -4.015
2 24 -9 9.581 -4.015 -9 7.322 -4.631
2 24 -9 7.322 -4.631 -9 5.472 -6.064
2 24 -9 5.472 -6.064 -9 4.31 -8.097
2 24 -9 4.31 -8.097 -9 4.015 -10.419
2 24 -9 4.015 -10.419 -9 4.631 -12.678
2 24 -9 4.631 -12.678 -9 6.064 -14.528
2 24 -9 6.064 -14.528 -9 8.097 -15.69
2 24 -9 8.097 -15.69 -9 10.419 -15.985
1 16 -12 10 -10 0 1 0 0.279 0 3.99 -3.99 0 0.279 4-4edge.dat
1 16 -16 10 -10 0 1 0 0.279 0 3.99 -3.99 0 0.279 4-4edge.dat
1 16 -16 10 -10 0 1 0 0.419 0 5.985 -5.985 0 0.419 4-4edge.dat
0 BFC INVERTNEXT
1 16 -16 10 -10 0 4 0 0.279 0 3.99 -3.99 0 0.279 4-4cyli.dat
1 16 -16 10 -10 0 7 0 0.419 0 5.985 -5.985 0 0.419 4-4cyli.dat
1 16 -16 10 -10 0 1 0 0.14 0 1.995 -1.995 0 0.14 4-4ring2.dat
1 16 -12 10 -10 0 1 0 0.279 0 3.99 -3.99 0 0.279 4-4disc.dat
1 16 -9 10 -10 0 -1 0 0.419 0 5.985 -5.985 0 0.419 4-4disc.dat
2 24 -9 35.988 0.42 -9 35.372 2.68
2 24 -9 35.372 2.68 -9 33.937 4.531
2 24 -9 33.937 4.531 -9 31.904 5.693
2 24 -9 31.904 5.693 -9 29.58 5.988
2 24 -9 29.58 5.988 -9 27.32 5.372
2 24 -9 27.32 5.372 -9 25.469 3.937
2 24 -9 25.469 3.937 -9 24.307 1.904
2 24 -12 24.307 1.904 -12 24.012 -0.42
2 24 -12 24.012 -0.42 -12 24.628 -2.68
2 24 -12 24.628 -2.68 -12 26.063 -4.531
2 24 -12 26.063 -4.531 -12 28.096 -5.693
2 24 -9 28.096 -5.693 -9 30.42 -5.988
2 24 -9 30.42 -5.988 -9 32.68 -5.372
2 24 -9 32.68 -5.372 -9 34.531 -3.937
2 24 -9 34.531 -3.937 -9 35.693 -1.904
2 24 -9 35.693 -1.904 -9 35.988 0.42
1 16 -13 30 0 0 1 0 5.988 0 -0.42 0.42 0 5.988 4-4edge.dat
1 16 -9 30 0 0 -4 0 5.988 0 -0.42 0.42 0 5.988 4-4cyli.dat
1 16 -13 30 0 0 1 0 5.988 0 -0.42 0.42 0 5.988 4-4disc.dat
1 16 -9 30 0 0 -1 0 1.995 0 -0.14 0.14 0 1.995 4-4ring2.dat
1 16 -9 30 0 0 -1 0 1.995 0 -0.14 0.14 0 1.995 4-4ring1.dat
1 16 -9 30 0 0 -2 0 1.995 0 -0.14 0.14 0 1.995 4-4edge.dat
0 BFC INVERTNEXT
1 16 -9 30 0 0 -2 0 1.995 0 -0.14 0.14 0 1.995 4-4cyli.dat
1 16 -11 30 0 0 -2 0 1.995 0 -0.14 0.14 0 1.995 4-4disc.dat
2 24 -12 0.25 -20 -12 0.25 19.75
2 24 -12 0.25 19.75 -9 0.25 19.75
2 24 -16 0.25 -20 -1 0.25 -20
2 24 -1 0.25 -20 -1 0.25 -18
2 24 -9 0.25 -14 -1 0.25 -18
2 24 -9 0.25 -14 -9 0.25 19.75
2 24 -9 20 19.75 -9 0.25 19.75
2 24 -12 20 19.75 -12 0.25 19.75
2 24 -12 20 19.75 -9 20 19.75
2 24 -12 20 17 -9 20 17
2 24 -12 20 19.75 -12 20 17
1 16 -12 20 -1 0 1 0 0 0 -12 18 0 0 1-4edge.DAT
2 24 -12 8 -4.4 -12 8 -1
2 24 -9 20 19.75 -9 20 17
1 16 -9 20 -1 0 1 0 0 0 -12 18 0 0 1-4edge.DAT
2 24 -9 8 -4.4 -9 8 -1
2 24 -12 20 -20 -12 8.097 -15.69
2 24 -9 20 -20 -9 8.097 -15.69
4 16 -12 0.25 -20 -1 0.25 -20 -1 0.25 -18 -12 0.25 -18
3 16 -9 0.25 -18 -1 0.25 -18 -9 0.25 -14
4 16 -12 0.25 -20 -9 0.25 -20 -9 0.25 19.75 -12 0.25 19.75
4 16 -9 0.25 19.75 -9 20 19.75 -12 20 19.75 -12 0.25 19.75
4 16 -12 0.25 19.75 -12 8 19.75 -12 8 -20 -12 0.25 -20
4 16 -9 0.25 -17 -9 8.097 -15.69 -9 8 19.75 -9 0.25 19.75
4 16 -12 8 19.75 -12 20 19.75 -12 20 17 -12 8 17
4 16 -9 8 17 -9 20 17 -9 20 19.75 -9 8 19.75
1 16 -12 20 -1 0 1 0 0 0 -12 18 0 0 1-4ndis.dat
1 16 -9 20 -1 0 -1 0 0 0 -12 18 0 0 1-4ndis.dat
4 16 -9 20 19.75 -9 20 17 -12 20 17 -12 20 19.75
0 BFC INVERTNEXT
1 16 -9 20 -1 0 -3 0 0 0 -12 18 0 0 1-4cyli.DAT
4 16 -12 8 -4.4 -12 8 -1 -9 8 -1 -9 8 -4.4
4 16 -12 20 -20 -12 8.097 -15.69 -9 8.097 -15.69 -9 20 -20
3 16 -12 20 -20 -12 8 -20 -12 8 -15.6
4 16 -9 8.097 -15.69 -9 0.25 -17 -9 20 -25 -9 20 -20
2 24 -1 0 -18 -9 0 -14
2 24 -9 0 -14 -9 0.25 -14
2 24 -9 0 -14 -9 0 20
2 24 -9 0 20 0 0 20
2 24 -9 0 20 -9 20 20
2 24 -9 20 20 -9 20 19.75
2 24 -9 7.25 17 -9 20 17
2 24 -9 7.25 17 0 7.25 17
2 24 -9 7.897 16.023 -9 7.246 16.996
2 24 -9 8.125 14.875 -9 7.897 16.023
2 24 -9 7.897 13.727 -9 8.125 14.875
2 24 -9 7.246 12.754 -9 7.897 13.727
2 24 -9 6.273 12.103 -9 7.246 12.754
2 24 -9 5.125 11.875 -9 6.273 12.103
2 24 -9 3.977 12.103 -9 5.125 11.875
2 24 -9 3.004 12.754 -9 3.977 12.103
2 24 -9 3 12.75 0 3 12.75
2 24 -9 3 12.75 -9 3 -18
4 16 0 0 -14 -9 0 -14 -1 0 -18 0 0 -18
4 16 -9 0 -14 -9 0.25 -14 -1 0.25 -18 -1 0 -18
4 16 0 0 20 -9 0 20 -9 0 -14 0 0 -14
4 16 -9 0 20 -9 0.25 20 -9 0.25 -14 -9 0 -14
4 16 0 0 20 0 20 20 -9 20 20 -9 0 20
4 16 -9 0 20 -9 20 20 -9 20 19.75 -9 0 19.75
4 16 0 20 20 0 20 17 -9 20 17 -9 20 20
4 16 -9 7.25 17 -9 20 17 0 20 17 0 7.25 17
4 16 -9 7.897 16.023 -9 7.246 16.996 0 7.246 16.996 0 7.897 16.023
5 24 -9 7.897 16.023 0 7.897 16.023 -9 7.246 16.996 -9 8.125 14.875
4 16 -9 8.125 14.875 -9 7.897 16.023 0 7.897 16.023 0 8.125 14.875
5 24 -9 8.125 14.875 0 8.125 14.875 -9 7.897 16.023 -9 7.897 13.727
4 16 -9 7.897 13.727 -9 8.125 14.875 0 8.125 14.875 0 7.897 13.727
5 24 -9 7.897 13.727 0 7.897 13.727 -9 8.125 14.875 -9 7.246 12.754
4 16 -9 7.246 12.754 -9 7.897 13.727 0 7.897 13.727 0 7.246 12.754
5 24 -9 7.246 12.754 0 7.246 12.754 -9 7.897 13.727 -9 6.273 12.103
4 16 -9 6.273 12.103 -9 7.246 12.754 0 7.246 12.754 0 6.273 12.103
5 24 -9 6.273 12.103 0 6.273 12.103 -9 7.246 12.754 -9 5.125 11.875
4 16 -9 5.125 11.875 -9 6.273 12.103 0 6.273 12.103 0 5.125 11.875
5 24 -9 5.125 11.875 0 5.125 11.875 -9 6.273 12.103 -9 3.977 12.103
4 16 -9 3.977 12.103 -9 5.125 11.875 0 5.125 11.875 0 3.977 12.103
5 24 -9 3.977 12.103 0 3.977 12.103 -9 5.125 11.875 -9 3.004 12.754
4 16 -9 3.004 12.754 -9 3.977 12.103 0 3.977 12.103 0 3.004 12.754
5 24 -9 3.004 12.754 0 3.004 12.754 -9 3.977 12.103 -9 2.353 13.727
4 16 -9 3 -14 -9 3 12.75 0 3 12.75 0 3 -14
4 16 -9 3 -14 0 3 -14 0 3 -18 -1 3 -18
2 24 -16 0.25 -20 -16 20 -20
2 24 -7 20 -20 -16 20 -20
2 24 -12 20 -20 -12 0.25 -20
2 24 -16 20 -20 -16 20 -28
2 24 -16 0.25 -20 -16 20 -28
2 24 -9 20 -28 -16 20 -28
2 24 -9 20 -28 -9 20 -20
2 24 -1 0.25 -20 -1 20 -28
2 24 -1 3 -18 -1 0 -18
2 24 -1 3 -18 0 3 -18
2 24 -1 3 -18 -9 3 -14
2 24 -9 3 -18 -9 20 -25
2 24 -9 32 -33 -9 20 -28
2 24 -1 32 -33 -1 20 -28
2 24 -1 32 -33 -9 32 -33
2 24 -9 24 -53 -9 32 -33
2 24 -1 24 -53 -1 32 -33
2 24 -1 24 -53 -9 24 -53
2 24 -1 0 -43 -1 24 -53
2 24 -9 0 -43 -9 24 -53
4 16 -1 0.25 -18 -1 3 -18 -9 3 -14 -9 0.25 -14
3 16 -1 3 -18 -9 3 -18 -9 3 -14
4 16 0 20 -25 -9 20 -25 -9 3 -18 0 3 -18
4 16 -12 20 -20 -16 20 -20 -16 0.25 -20 -12 0.25 -20
3 16 -16 0.25 -20 -16 20 -20 -16 20 -28
4 16 -9 20 -28 -16 20 -28 -16 20 -20 -9 20 -20
4 16 -1 0.25 -20 -16 0.25 -20 -16 20 -28 -1 20 -28
4 16 -9 20 -28 -9 32 -33 -1 32 -33 -1 20 -28
4 16 -9 32 -33 -9 24 -53 -1 24 -53 -1 32 -33
4 16 -1 0 -43 -1 24 -53 -9 24 -53 -9 0 -43
2 24 -1 0 -18 -1 0 -20
2 24 -1 0 -20 -1 5.444 -22.685
2 24 -1 8.364 -24.636 -1 5.444 -22.685
2 24 -1 10.315 -27.556 -1 8.364 -24.636
2 24 -1 11 -31 -1 10.315 -27.556
2 24 -1 10.315 -34.444 -1 11 -31
2 24 -1 8.364 -37.364 -1 10.315 -34.444
2 24 -1 5.444 -39.315 -1 8.364 -37.364
2 24 -1 5.444 -39.315 -1 0 -43
4 16 -1 0.25 -18 -1 0.25 -20 -1 0 -20 -1 0 -18
4 16 -1 0 -18 -1 0 -20 0 0 -20 0 0 -18
3 16 -1 0 -20 -1 0.25 -20 -1 20 -28
4 16 -1 20 -28 -1 32 -33 -1 5.444 -22.685 -1 0 -20
4 16 -1 0 -20 -1 5.444 -22.685 0 5.444 -22.685 0 0 -20
3 16 -1 8.364 -24.636 -1 5.444 -22.685 -1 32 -33
4 16 0 8.364 -24.636 0 5.44 -22.685 -1 5.444 -22.685 -1 8.364 -24.636
3 16 -1 10.315 -27.556 -1 8.364 -24.636 -1 32 -33
4 16 0 10.315 -27.556 0 8.364 -24.636 -1 8.364 -24.636 -1 10.315 -27.556
3 16 -1 11 -31 -1 10.315 -27.556 -1 32 -33
4 16 0 11 -31 0 10.315 -27.556 -1 10.315 -27.556 -1 11 -31
4 16 -1 10.315 -34.444 -1 11 -31 -1 32 -33 -1 24 -53
4 16 0 10.315 -34.444 0 11 -31 -1 11 -31 -1 10.315 -34.444
3 16 -1 8.364 -37.364 -1 10.315 -34.444 -1 24 -53
4 16 0 8.364 -37.364 0 10.315 -34.444 -1 10.315 -34.444 -1 8.364 -37.364
3 16 -1 5.444 -39.315 -1 8.364 -37.364 -1 24 -53
4 16 0 5.444 -39.315 0 8.364 -37.364 -1 8.364 -37.364 -1 5.444 -39.315
3 16 -1 24 -53 -1 0 -43 -1 5.444 -39.315
4 16 -1 5.444 -39.315 -1 0 -43 0 0 -43 0 5.444 -39.315
2 24 -9 40 15 -9 32 15
2 24 -9 32 15 -13 32 15
2 24 -13 40 15 -9 40 15
2 24 -9 40 15 -9 40 -28
2 24 -9 32 -5.55 -9 32 -51
2 24 -9 32 -5.55 -13 32 -5.55
2 24 -13 32 -5.55 -13 32 5.64
2 24 -9 32 5.64 -13 32 5.64
2 24 -9 32 5.64 -9 32 15
4 16 -9 40 -28 -9 40 15 -9 32 15 -9 32 -25
4 16 -9 32 15 -9 40 15 -13 40 15 -13 32 15
4 16 -9 32 -51 -9 32 15 -13 32 15 -13 32 -51
4 16 -13 40 -51 -13 40 15 -9 40 15 -9 40 -51
1 16 -13 36 15 0 0 -4 4 0 0 0 -1 0 2-4disc.dat
1 16 -13 36 15 0 0 -4 4 0 0 0 1 0 2-4edge.dat
1 16 -13 36 15 0 0 -4 4 0 0 0 -66 0 2-4cyli.dat
4 16 -13 39.392 -54.062 -14.531 39.111 -53.945 -14.531 39.696 -51 -13 40 -51
4 16 -14.531 39.111 -53.945 -15.828 38.309 -53.614 -15.828 38.828 -51 -14.531 39.696 -51
4 16 -15.828 38.309 -53.614 -16.696 37.11 -53.117 -16.696 37.531 -51 -15.828 38.828 -51
4 16 -16.696 37.11 -53.117 -17 35.696 -52.531 -17 36 -51 -16.696 37.531 -51
4 16 -17 35.696 -52.531 -16.696 34.282 -51.945 -16.696 34.469 -51 -17 36 -51
4 16 -16.696 34.282 -51.945 -15.828 33.083 -51.448 -15.828 33.172 -51 -16.696 34.469 -51
4 16 -15.828 33.083 -51.448 -14.531 32.281 -51.117 -14.531 32.304 -51 -15.828 33.172 -51
3 16 -14.531 32.281 -51.117 -13 32 -51 -14.531 32.304 -51
4 16 -13 37.658 -56.658 -14.531 37.443 -56.442 -14.531 39.11 -53.945 -13 39.391 -54.061
4 16 -14.531 37.443 -56.442 -15.828 36.828 -55.829 -15.828 38.308 -53.613 -14.531 39.11 -53.945
4 16 -15.828 36.828 -55.829 -16.696 35.911 -54.911 -16.696 37.11 -53.117 -15.828 38.308 -53.613
4 16 -16.696 35.911 -54.911 -17 34.829 -53.829 -17 35.696 -52.531 -16.696 37.11 -53.117
4 16 -17 34.829 -53.829 -16.696 33.747 -52.746 -16.696 34.281 -51.945 -17 35.696 -52.531
4 16 -16.696 33.747 -52.746 -15.828 32.829 -51.828 -15.828 33.083 -51.449 -16.696 34.281 -51.945
4 16 -15.828 32.829 -51.828 -14.531 32.215 -51.216 -14.531 32.281 -51.116 -15.828 33.083 -51.449
3 16 -14.531 32.215 -51.216 -13 32 -51 -14.531 32.281 -51.116
4 16 -13 35.038 -58.404 -14.531 34.946 -58.111 -14.531 37.442 -56.442 -13 37.657 -56.657
4 16 -14.531 34.946 -58.111 -15.828 34.613 -57.31 -15.828 36.828 -55.828 -14.531 37.442 -56.442
4 16 -15.828 34.613 -57.31 -16.696 34.116 -56.11 -16.696 35.911 -54.911 -15.828 36.828 -55.828
4 16 -16.696 34.116 -56.11 -17 33.531 -54.696 -17 34.828 -53.828 -16.696 35.911 -54.911
4 16 -17 33.531 -54.696 -16.696 32.945 -53.282 -16.696 33.746 -52.746 -17 34.828 -53.828
4 16 -16.696 32.945 -53.282 -15.828 32.449 -52.083 -15.828 32.829 -51.829 -16.696 33.746 -52.746
4 16 -15.828 32.449 -52.083 -14.531 32.116 -51.281 -14.531 32.215 -51.215 -15.828 32.829 -51.829
3 16 -14.531 32.116 -51.281 -13 32 -51 -14.531 32.215 -51.215
3 16 -13 32 -51 -9 15 -58 -9 32 -51
1 16 -13 33.519 -54.702 0 4 -4 1.519 -17.116 0 -3.702 -7.02 0 2-4cyli.dat
2 24 -9 32 -51 -9 15 -58
1 16 -9 16.531 -61.696 0 -4 0 1.531 0 -3.696 -3.696 0 -1.531 2-4edge.dat
1 16 -9 16.531 -61.696 0 0 -4 -1.531 -3.696 0 3.696 -1.531 0 2-8sphe.dat
2 24 -7 20 -20 -7 20 -25
2 24 -9 20 -25 -7 20 -25
2 24 -9 20 -20 -9 32 -25
2 24 -7 32 -25 -7 20 -20
2 24 -7 32 -25 -7 32 -30
2 24 -7 20 -25 -7 32 -30
2 24 -7 32 -30 0 32 -30
2 24 -7 32 -25 0 32 -25
2 24 0 40 -28 -9 40 -28
4 16 -9 20 -20 -9 20 -25 -7 20 -25 -7 20 -20
4 16 -9 32 -25 -9 32 -33 -9 20 -28 -9 20 -20
4 16 -7 20 -20 -7 32 -25 -9 32 -25 -9 20 -20
4 16 -7 32 -25 -7 20 -20 -7 20 -25 -7 32 -30
4 16 0 20 -25 0 32 -30 -7 32 -30 -7 20 -25
4 16 -7 32 -25 -7 32 -30 0 32 -30 0 32 -25
4 16 -9 32 -25 0 32 -25 0 40 -28 -9 40 -28
4 16 0 40 -28 0 40 -34 -6 40 -34 -9 40 -28
4 16 -9 40 -28 -6 40 -34 -6 40 -46 -9 40 -51
2 24 -6 36 -34 0 36 -34
2 24 0 36 -46 -6 36 -46
2 24 -6 36 -46 -6 36 -34
2 24 -6 40 -34 0 40 -34
2 24 0 40 -46 -6 40 -46
2 24 -6 40 -46 -6 40 -34
2 24 -6 40 -34 -6 36 -34
2 24 -6 40 -46 -6 36 -46
4 16 0 36 -34 0 36 -46 -6 36 -46 -6 36 -34
4 16 -6 36 -34 -6 40 -34 0 40 -34 0 36 -34
4 16 0 36 -46 0 40 -46 -6 40 -46 -6 36 -46
4 16 -6 36 -46 -6 40 -46 -6 40 -34 -6 36 -34
4 16 0 40 -46 0 40 -51 -9 40 -51 -6 40 -46
4 16 0 40 -51 0 39.392 -54.062 -13 39.392 -54.062 -13 40 -51
4 16 0 39.391 -54.06 0 37.658 -56.658 -13 37.658 -56.658 -13 39.391 -54.06
4 16 0 37.657 -56.657 0 35.038 -58.404 -13 35.038 -58.404 -13 37.657 -56.657
2 24 -9 18.062 -65.392 -9 8 -69.5
2 24 -9 8 -69.5 -9 2 -72
2 24 -9 -10 -67 -9 2 -72
2 24 -9 -10 -67 -9 0 -43
2 24 -9 8 -46.333 -9 8 -69.5
3 16 -9 32 -33 -9 32 -51 -9 24 -53
4 16 -9 24 -53 -9 32 -51 -9 18.062 -65.392 -9 8 -69.5
3 16 -9 24 -53 -9 8 -69.5 -9 8 -46.333
4 16 0 35.038 -58.404 0 17.922 -65.424 -9 17.922 -65.424 -13 35.038 -58.404
4 16 -9 2 -72 -9 17.922 -65.424 0 17.922 -65.424 0 2 -72
4 16 -9 -10 -67 -9 2 -72 0 2 -72 0 -10 -67
4 16 0 -10 -67 0 0 -43 -9 0 -43 -9 -10 -67
4 16 -9 8 -69.5 -9 2 -72 -11 2 -70 -11 6 -68.333
4 16 -9 2 -72 -9 -10 -67 -11 -7.6 -66 -11 2 -70
4 16 -9 -10 -67 -9 0 -43 -11 1 -45.36 -11 -7.6 -66
4 16 -9 0 -43 -9 8 -46.333 -11 6 -47.443 -11 1 -45.36
4 16 -9 8 -46.333 -9 8 -69.5 -11 6 -68.333 -11 6 -47.443
2 24 -9 8 -69.5 -11 6 -68.333
2 24 -11 6 -68.333 -11 2 -70
2 24 -9 2 -72 -11 2 -70
2 24 -11 2 -70 -11 -7.6 -66
2 24 -9 -10 -67 -11 -7.6 -66
2 24 -11 -7.6 -66 -11 1 -45.36
2 24 -9 0 -43 -11 1 -45.36
2 24 -11 1 -45.36 -11 6 -47.443
2 24 -9 8 -46.333 -11 6 -47.443
2 24 -11 6 -47.443 -11 6 -68.333
3 16 -11 6 -68.333 -11 2 -70 -11 -7.6 -66
4 16 -11 -7.6 -66 -11 1 -45.36 -11 6 -47.443 -11 6 -68.333
1 16 -9 29.6 -43 0 1 0 1.5 0 0 0 0 1.5 4-4edge.dat
2 24 -9 30.661 -41.939 -18 30.661 -41.939
2 24 -9 30.661 -41.939 -9 32 -41.939
2 24 -9 32 -41.939 -13 32 -41.939
2 24 -17 36 -41.939 -18 30.661 -41.939
1 16 -13 36 -41.939 -4 0 0 0 0 -4 0 -1 0 1-4edge.DAT
2 24 -9 30.661 -44.061 -18 30.661 -44.061
2 24 -9 30.661 -44.061 -9 32 -44.061
1 16 -13 36 -44.061 -4 0 0 0 0 -4 0 -1 0 1-4edge.DAT
2 24 -17 36 -44.061 -18 30.661 -44.061
4 16 -17 32 -41.939 -18 30.661 -41.939 -9 30.661 -41.939 -9 32 -41.939
1 16 -13 36 -41.939 -4 0 0 0 0 -4 0 -1 0 1-4ndis.dat
3 16 -18 30.661 -41.939 -17 32 -41.939 -17 36 -41.939
4 16 -18 30.661 -41.939 -18 30.174 -41.614 -9 30.174 -41.614 -9 30.661 -41.939
5 24 -9 30.661 -41.939 -18 30.661 -41.939 -9 30.174 -41.614 -9 30.986 -42.426
4 16 -18 30.174 -41.614 -18 29.6 -41.5 -9 29.6 -41.5 -9 30.174 -41.614
5 24 -9 30.174 -41.614 -18 30.174 -41.614 -9 29.6 -41.5 -9 30.661 -41.939
4 16 -18 29.6 -41.5 -18 29.026 -41.614 -9 29.026 -41.614 -9 29.6 -41.5
5 24 -9 29.6 -41.5 -18 29.6 -41.5 -9 29.026 -41.614 -9 30.174 -41.614
4 16 -18 29.026 -41.614 -18 28.539 -41.939 -9 28.539 -41.939 -9 29.026 -41.614
5 24 -9 29.026 -41.614 -18 29.026 -41.614 -9 28.539 -41.939 -9 29.6 -41.5
4 16 -18 28.539 -41.939 -18 28.214 -42.426 -9 28.214 -42.426 -9 28.539 -41.939
5 24 -9 28.539 -41.939 -18 28.539 -41.939 -9 28.214 -42.426 -9 29.026 -41.614
4 16 -18 28.214 -42.426 -18 28.1 -43 -9 28.1 -43 -9 28.214 -42.426
5 24 -9 28.214 -42.426 -18 28.214 -42.426 -9 28.1 -43 -9 28.539 -41.939
4 16 -18 28.1 -43 -18 28.214 -43.574 -9 28.214 -43.574 -9 28.1 -43
5 24 -9 28.1 -43 -18 28.1 -43 -9 28.214 -43.574 -9 28.214 -42.426
4 16 -18 28.214 -43.574 -18 28.539 -44.061 -9 28.539 -44.061 -9 28.214 -43.574
5 24 -9 28.214 -43.574 -18 28.214 -43.574 -9 28.539 -44.061 -9 28.1 -43
4 16 -18 28.539 -44.061 -18 29.026 -44.386 -9 29.026 -44.386 -9 28.539 -44.061
5 24 -9 28.539 -44.061 -18 28.539 -44.061 -9 29.026 -44.386 -9 28.214 -43.574
4 16 -18 29.026 -44.386 -18 29.6 -44.5 -9 29.6 -44.5 -9 29.026 -44.386
5 24 -9 29.026 -44.386 -18 29.026 -44.386 -9 29.6 -44.5 -9 28.539 -44.061
4 16 -18 29.6 -44.5 -18 30.174 -44.386 -9 30.174 -44.386 -9 29.6 -44.5
5 24 -9 29.6 -44.5 -18 29.6 -44.5 -9 30.174 -44.386 -9 29.026 -44.386
4 16 -18 30.174 -44.386 -18 30.661 -44.061 -9 30.661 -44.061 -9 30.174 -44.386
5 24 -9 30.174 -44.386 -18 30.174 -44.386 -9 30.661 -44.061 -9 29.6 -44.5
4 16 -18 30.661 -44.061 -17 32 -44.061 -9 32 -44.061 -9 30.661 -44.061
1 16 -13 36 -44.061 -4 0 0 0 0 -4 0 1 0 1-4ndis.dat
3 16 -17 36 -44.061 -17 32 -44.061 -18 30.661 -44.061
3 16 -17 36 -41.939 -18 30.986 -42.426 -18 30.661 -41.939
3 16 -18 31.1 -43 -18 30.986 -42.426 -17 36 -41.939
3 16 -17 36 -44.061 -18 31.1 -43 -17 36 -41.939
3 16 -17 36 -44.061 -18 30.986 -43.574 -18 31.1 -43
3 16 -17 36 -44.061 -18 30.661 -44.061 -18 30.986 -43.574
1 16 -18 29.6 -43 0 -1.5 0 1.5 0 0 0 0 1.5 4-8sphe.dat
0
