0 datsville airport
0 Name: airport.dat
0 Author: thomas burger
 1 2 -640 0 0 0 0 -1 0 1 0 1 0 0 606p33.DAT
 1 2 -1280 0 0 0 0 1 0 1 0 -1 0 0 606P33.DAT  
 1 2 0 0 0 0 0 -1 0 1 0 1 0 0 6099p45.DAT
 1 2 638 0 0 1 0 0 0 1 0 0 0 1 6099p45.DAT
0 Inlined:1 4 0 0 640 1 0 0 0 1 0 0 0 1 apbuild.DAT
0 airport building
0 Name: apbuild.dat
0 Author: thomas burger
0 Inlined:1 2 0 0 640 0 0 -1 0 1 0 1 0 0 309p45.DAT
0 Baseplate 32 x 32 Service Station with Pattern
0 Name: 309p45.dat
0 Author: James Jessiman
0 Author: Steve Bliss, pattern
0 Author: thomas burger, minor fix
0 Official LCad update 99-05
0 CATEGORY Baseplate
0 KEYWORDS roadplate, gas station, island, driveway, two lane
0 not CW-compliant
 2 10 133 0 960 133 0 950
 2 10 133 0 950 135.28 0 941.5
 1 10 150 0 950 -4.4 0 -16.42 0 1 0 -16.42 0 4.4 1-8edge.dat
 2 10 145.6 0 933.58 188.54 0 921.88
 1 10 180 0 890 8.54 0 31.88 0 1 0 31.88 0 -8.54 1-8edge.dat
 2 10 208.58 0 906.5 213 0 890
 2 10 213 0 890 213 0 390
 2 10 213 0 390 208.58 0 373.5
 1 10 180 0 390 8.54 0 31.88 0 1 0 -31.88 0 8.54 1-8edge.dat
 2 10 145.6 0 346.42 188.54 0 358.12
 1 10 150 0 330 -4.4 0 -16.42 0 1 0 16.42 0 -4.4 1-8edge.dat
 2 10 135.28 0 338.5 133 0 330
 2 10 133 0 330 133 0 320
 2 10 133 0 320 117 0 320
 2 10 117 0 320 117 0 330
 2 10 117 0 330 121.42 0 346.5
 1 10 150 0 330 -8.54 0 -31.88 0 1 0 31.88 0 -8.54 1-8edge.dat
 2 10 141.46 0 361.88 184.4 0 373.58
 1 10 180 0 390 4.4 0 16.42 0 1 0 -16.42 0 4.4 1-8edge.dat
 2 10 194.72 0 381.5 197 0 390
 2 10 197 0 390 197 0 890
 2 10 197 0 890 194.72 0 898.5
 1 10 180 0 890 4.4 0 16.42 0 1 0 16.42 0 -4.4 1-8edge.dat
 2 10 141.46 0 918.12 184.4 0 906.42
 1 10 150 0 950 -8.54 0 -31.88 0 1 0 -31.88 0 8.54 1-8edge.dat
 2 10 121.42 0 933.5 117 0 950
 2 10 117 0 950 117 0 960
 2 10 117 0 960 133 0 960
 4 15 133 0 320 133 0 330 117 0 320 117 0 330
 4 15 208.58 0 373.5 194.72 0 381.5 197 0 390 213 0 390
 4 15 200.09 0 363.82 208.58 0 373.5 190.35 0 376.51 194.72 0 381.5
 4 15 188.54 0 358.12 200.09 0 363.82 184.4 0 373.58 190.35 0 376.51
 4 15 145.6 0 346.42 188.54 0 358.12 141.46 0 361.88 184.4 0 373.58
 4 15 145.6 0 346.42 139.65 0 343.49 141.46 0 361.88 129.91 0 356.18
 4 15 129.91 0 356.18 121.42 0 346.5 139.65 0 343.49 135.28 0 338.5
 4 15 117 0 330 133 0 330 135.28 0 338.5 121.42 0 346.5
 3 7 194.72 0 381.5 197 0 390 117 0 390
 3 7 194.72 0 381.5 190.35 0 376.51 117 0 390
 3 7 190.35 0 376.51 184.4 0 373.58 117 0 390
 3 7 184.4 0 373.58 141.46 0 361.88 117 0 390
 3 7 141.46 0 361.88 129.91 0 356.18 117 0 390
 3 7 129.91 0 356.18 121.42 0 346.5 117 0 390
 3 7 121.42 0 346.5 117 0 330 117 0 390
 4 2 213 0 330 213 0 320 133 0 320 133 0 330
 3 2 213 0 390 208.58 0 373.5 213 0 330
 3 2 208.58 0 373.5 200.09 0 363.82 213 0 330
 3 2 200.09 0 363.82 188.54 0 358.12 213 0 330
 3 2 188.54 0 358.12 145.6 0 346.42 213 0 330
 3 2 145.6 0 346.42 139.65 0 343.49 213 0 330
 3 2 139.65 0 343.49 135.28 0 338.5 213 0 330
 3 2 135.28 0 338.5 133 0 330 213 0 330
 4 15 213 0 390 213 0 890 197 0 390 197 0 890
 4 15 133 0 960 133 0 950 117 0 960 117 0 950
 4 15 208.58 0 906.5 194.72 0 898.5 197 0 890 213 0 890
 4 15 200.09 0 916.18 208.58 0 906.5 190.35 0 903.49 194.72 0 898.5
 4 15 188.54 0 921.88 200.09 0 916.18 184.4 0 906.42 190.35 0 903.49
 4 15 145.6 0 933.58 188.54 0 921.88 141.46 0 918.12 184.4 0 906.42
 4 15 145.6 0 933.58 139.65 0 936.51 141.46 0 918.12 129.91 0 923.82
 4 15 129.91 0 923.82 121.42 0 933.5 139.65 0 936.51 135.28 0 941.5
 4 15 117 0 950 133 0 950 135.28 0 941.5 121.42 0 933.5
 3 7 194.72 0 898.5 197 0 890 117 0 890
 3 7 194.72 0 898.5 190.35 0 903.49 117 0 890
 3 7 190.35 0 903.49 184.4 0 906.42 117 0 890
 3 7 184.4 0 906.42 141.46 0 918.12 117 0 890
 3 7 141.46 0 918.12 129.91 0 923.82 117 0 890
 3 7 129.91 0 923.82 121.42 0 933.5 117 0 890
 3 7 121.42 0 933.5 117 0 950 117 0 890
 4 2 213 0 950 213 0 960 133 0 960 133 0 950
 3 2 213 0 890 208.58 0 906.5 213 0 950
 3 2 208.58 0 906.5 200.09 0 916.18 213 0 950
 3 2 200.09 0 916.18 188.54 0 921.88 213 0 950
 3 2 188.54 0 921.88 145.6 0 933.58 213 0 950
 3 2 145.6 0 933.58 139.65 0 936.51 213 0 950
 3 2 139.65 0 936.51 135.28 0 941.5 213 0 950
 3 2 135.28 0 941.5 133 0 950 213 0 950
 2 10 -133 0 960 -117 0 960
 2 10 -133 0 960 -133 0 320
 2 10 -117 0 960 -117 0 320
 2 10 -117 0 320 -133 0 320
 4 15 -133 0 960 -133 0 320 -117 0 960 -117 0 320
 4 2 213 0 324 213 0 320 316 0 320 316 0 324
 1 2 316 0 324 0 0 4 0 0 0 -4 0 0 1-4disc.dat
 4 2 213 0 324 320 0 324 320 0 956 213 0 956
 1 2 316 0 956 0 0 4 0 0 0 4 0 0 1-4disc.dat
 4 2 316 0 956 316 0 960 213 0 960 213 0 956
 4 7 117 0 390 197 0 390 197 0 890 117 0 890
 4 7 117 0 320 -117 0 320 -117 0 960 117 0 960
 4 2 -133 0 320 -316 0 320 -316 0 960 -133 0 960
 1 2 -316 0 956 0 0 -4 0 0 0 4 0 0 1-4disc.dat
 4 2 -316 0 956 -320 0 956 -320 0 324 -316 0 324
 1 2 -316 0 324 0 0 -4 0 0 0 -4 0 0 1-4disc.dat
 1 2 -310 0 950 0 0 -1 0 1 0 1 0 0 stud.dat
 1 2 -310 0 930 0 0 -1 0 1 0 1 0 0 stud.dat
 1 2 -310 0 910 0 0 -1 0 1 0 1 0 0 stud.dat
 1 2 -310 0 890 0 0 -1 0 1 0 1 0 0 stud.dat
 1 2 -310 0 870 0 0 -1 0 1 0 1 0 0 stud.dat
 1 2 -310 0 850 0 0 -1 0 1 0 1 0 0 stud.dat
 1 2 -310 0 830 0 0 -1 0 1 0 1 0 0 stud.dat
 1 2 -310 0 810 0 0 -1 0 1 0 1 0 0 stud.dat
 1 2 -310 0 790 0 0 -1 0 1 0 1 0 0 stud.dat
 1 2 -310 0 770 0 0 -1 0 1 0 1 0 0 stud.dat
 1 2 -310 0 750 0 0 -1 0 1 0 1 0 0 stud.dat
 1 2 -310 0 730 0 0 -1 0 1 0 1 0 0 stud.dat
 1 2 -310 0 710 0 0 -1 0 1 0 1 0 0 stud.dat
 1 2 -310 0 690 0 0 -1 0 1 0 1 0 0 stud.dat
 1 2 -310 0 670 0 0 -1 0 1 0 1 0 0 stud.dat
 1 2 -310 0 650 0 0 -1 0 1 0 1 0 0 stud.dat
 1 2 -310 0 630 0 0 -1 0 1 0 1 0 0 stud.dat
 1 2 -310 0 610 0 0 -1 0 1 0 1 0 0 stud.dat
 1 2 -310 0 590 0 0 -1 0 1 0 1 0 0 stud.dat
 1 2 -310 0 570 0 0 -1 0 1 0 1 0 0 stud.dat
 1 2 -310 0 550 0 0 -1 0 1 0 1 0 0 stud.dat
 1 2 -310 0 530 0 0 -1 0 1 0 1 0 0 stud.dat
 1 2 -310 0 510 0 0 -1 0 1 0 1 0 0 stud.dat
 1 2 -310 0 490 0 0 -1 0 1 0 1 0 0 stud.dat
 1 2 -310 0 470 0 0 -1 0 1 0 1 0 0 stud.dat
 1 2 -310 0 450 0 0 -1 0 1 0 1 0 0 stud.dat
 1 2 -310 0 430 0 0 -1 0 1 0 1 0 0 stud.dat
 1 2 -310 0 410 0 0 -1 0 1 0 1 0 0 stud.dat
 1 2 -310 0 390 0 0 -1 0 1 0 1 0 0 stud.dat
 1 2 -310 0 370 0 0 -1 0 1 0 1 0 0 stud.dat
 1 2 -310 0 350 0 0 -1 0 1 0 1 0 0 stud.dat
 1 2 -310 0 330 0 0 -1 0 1 0 1 0 0 stud.dat
 1 2 -290 0 950 0 0 -1 0 1 0 1 0 0 stud.dat
 1 2 -290 0 930 0 0 -1 0 1 0 1 0 0 stud.dat
 1 2 -290 0 910 0 0 -1 0 1 0 1 0 0 stud.dat
 1 2 -290 0 890 0 0 -1 0 1 0 1 0 0 stud.dat
 1 2 -290 0 870 0 0 -1 0 1 0 1 0 0 stud.dat
 1 2 -290 0 850 0 0 -1 0 1 0 1 0 0 stud.dat
 1 2 -290 0 830 0 0 -1 0 1 0 1 0 0 stud.dat
 1 2 -290 0 810 0 0 -1 0 1 0 1 0 0 stud.dat
 1 2 -290 0 790 0 0 -1 0 1 0 1 0 0 stud.dat
 1 2 -290 0 770 0 0 -1 0 1 0 1 0 0 stud.dat
 1 2 -290 0 750 0 0 -1 0 1 0 1 0 0 stud.dat
 1 2 -290 0 730 0 0 -1 0 1 0 1 0 0 stud.dat
 1 2 -290 0 710 0 0 -1 0 1 0 1 0 0 stud.dat
 1 2 -290 0 690 0 0 -1 0 1 0 1 0 0 stud.dat
 1 2 -290 0 670 0 0 -1 0 1 0 1 0 0 stud.dat
 1 2 -290 0 650 0 0 -1 0 1 0 1 0 0 stud.dat
 1 2 -290 0 630 0 0 -1 0 1 0 1 0 0 stud.dat
 1 2 -290 0 610 0 0 -1 0 1 0 1 0 0 stud.dat
 1 2 -290 0 590 0 0 -1 0 1 0 1 0 0 stud.dat
 1 2 -290 0 570 0 0 -1 0 1 0 1 0 0 stud.dat
 1 2 -290 0 550 0 0 -1 0 1 0 1 0 0 stud.dat
 1 2 -290 0 530 0 0 -1 0 1 0 1 0 0 stud.dat
 1 2 -290 0 510 0 0 -1 0 1 0 1 0 0 stud.dat
 1 2 -290 0 490 0 0 -1 0 1 0 1 0 0 stud.dat
 1 2 -290 0 470 0 0 -1 0 1 0 1 0 0 stud.dat
 1 2 -290 0 450 0 0 -1 0 1 0 1 0 0 stud.dat
 1 2 -290 0 430 0 0 -1 0 1 0 1 0 0 stud.dat
 1 2 -290 0 410 0 0 -1 0 1 0 1 0 0 stud.dat
 1 2 -290 0 390 0 0 -1 0 1 0 1 0 0 stud.dat
 1 2 -290 0 370 0 0 -1 0 1 0 1 0 0 stud.dat
 1 2 -290 0 350 0 0 -1 0 1 0 1 0 0 stud.dat
 1 2 -290 0 330 0 0 -1 0 1 0 1 0 0 stud.dat
 1 2 -270 0 950 0 0 -1 0 1 0 1 0 0 stud.dat
 1 2 -270 0 930 0 0 -1 0 1 0 1 0 0 stud.dat
 1 2 -270 0 910 0 0 -1 0 1 0 1 0 0 stud.dat
 1 2 -270 0 890 0 0 -1 0 1 0 1 0 0 stud.dat
 1 2 -270 0 870 0 0 -1 0 1 0 1 0 0 stud.dat
 1 2 -270 0 850 0 0 -1 0 1 0 1 0 0 stud.dat
 1 2 -270 0 830 0 0 -1 0 1 0 1 0 0 stud.dat
 1 2 -270 0 810 0 0 -1 0 1 0 1 0 0 stud.dat
 1 2 -270 0 790 0 0 -1 0 1 0 1 0 0 stud.dat
 1 2 -270 0 770 0 0 -1 0 1 0 1 0 0 stud.dat
 1 2 -270 0 750 0 0 -1 0 1 0 1 0 0 stud.dat
 1 2 -270 0 730 0 0 -1 0 1 0 1 0 0 stud.dat
 1 2 -270 0 710 0 0 -1 0 1 0 1 0 0 stud.dat
 1 2 -270 0 690 0 0 -1 0 1 0 1 0 0 stud.dat
 1 2 -270 0 670 0 0 -1 0 1 0 1 0 0 stud.dat
 1 2 -270 0 650 0 0 -1 0 1 0 1 0 0 stud.dat
 1 2 -270 0 630 0 0 -1 0 1 0 1 0 0 stud.dat
 1 2 -270 0 610 0 0 -1 0 1 0 1 0 0 stud.dat
 1 2 -270 0 590 0 0 -1 0 1 0 1 0 0 stud.dat
 1 2 -270 0 570 0 0 -1 0 1 0 1 0 0 stud.dat
 1 2 -270 0 550 0 0 -1 0 1 0 1 0 0 stud.dat
 1 2 -270 0 530 0 0 -1 0 1 0 1 0 0 stud.dat
 1 2 -270 0 510 0 0 -1 0 1 0 1 0 0 stud.dat
 1 2 -270 0 490 0 0 -1 0 1 0 1 0 0 stud.dat
 1 2 -270 0 470 0 0 -1 0 1 0 1 0 0 stud.dat
 1 2 -270 0 450 0 0 -1 0 1 0 1 0 0 stud.dat
 1 2 -270 0 430 0 0 -1 0 1 0 1 0 0 stud.dat
 1 2 -270 0 410 0 0 -1 0 1 0 1 0 0 stud.dat
 1 2 -270 0 390 0 0 -1 0 1 0 1 0 0 stud.dat
 1 2 -270 0 370 0 0 -1 0 1 0 1 0 0 stud.dat
 1 2 -270 0 350 0 0 -1 0 1 0 1 0 0 stud.dat
 1 2 -270 0 330 0 0 -1 0 1 0 1 0 0 stud.dat
 1 2 -250 0 950 0 0 -1 0 1 0 1 0 0 stud.dat
 1 2 -250 0 930 0 0 -1 0 1 0 1 0 0 stud.dat
 1 2 -250 0 910 0 0 -1 0 1 0 1 0 0 stud.dat
 1 2 -250 0 890 0 0 -1 0 1 0 1 0 0 stud.dat
 1 2 -250 0 870 0 0 -1 0 1 0 1 0 0 stud.dat
 1 2 -250 0 850 0 0 -1 0 1 0 1 0 0 stud.dat
 1 2 -250 0 830 0 0 -1 0 1 0 1 0 0 stud.dat
 1 2 -250 0 810 0 0 -1 0 1 0 1 0 0 stud.dat
 1 2 -250 0 790 0 0 -1 0 1 0 1 0 0 stud.dat
 1 2 -250 0 770 0 0 -1 0 1 0 1 0 0 stud.dat
 1 2 -250 0 750 0 0 -1 0 1 0 1 0 0 stud.dat
 1 2 -250 0 730 0 0 -1 0 1 0 1 0 0 stud.dat
 1 2 -250 0 710 0 0 -1 0 1 0 1 0 0 stud.dat
 1 2 -250 0 690 0 0 -1 0 1 0 1 0 0 stud.dat
 1 2 -250 0 670 0 0 -1 0 1 0 1 0 0 stud.dat
 1 2 -250 0 650 0 0 -1 0 1 0 1 0 0 stud.dat
 1 2 -250 0 630 0 0 -1 0 1 0 1 0 0 stud.dat
 1 2 -250 0 610 0 0 -1 0 1 0 1 0 0 stud.dat
 1 2 -250 0 590 0 0 -1 0 1 0 1 0 0 stud.dat
 1 2 -250 0 570 0 0 -1 0 1 0 1 0 0 stud.dat
 1 2 -250 0 550 0 0 -1 0 1 0 1 0 0 stud.dat
 1 2 -250 0 530 0 0 -1 0 1 0 1 0 0 stud.dat
 1 2 -250 0 510 0 0 -1 0 1 0 1 0 0 stud.dat
 1 2 -250 0 490 0 0 -1 0 1 0 1 0 0 stud.dat
 1 2 -250 0 470 0 0 -1 0 1 0 1 0 0 stud.dat
 1 2 -250 0 450 0 0 -1 0 1 0 1 0 0 stud.dat
 1 2 -250 0 430 0 0 -1 0 1 0 1 0 0 stud.dat
 1 2 -250 0 410 0 0 -1 0 1 0 1 0 0 stud.dat
 1 2 -250 0 390 0 0 -1 0 1 0 1 0 0 stud.dat
 1 2 -250 0 370 0 0 -1 0 1 0 1 0 0 stud.dat
 1 2 -250 0 350 0 0 -1 0 1 0 1 0 0 stud.dat
 1 2 -250 0 330 0 0 -1 0 1 0 1 0 0 stud.dat
 1 2 -230 0 950 0 0 -1 0 1 0 1 0 0 stud.dat
 1 2 -230 0 930 0 0 -1 0 1 0 1 0 0 stud.dat
 1 2 -230 0 910 0 0 -1 0 1 0 1 0 0 stud.dat
 1 2 -230 0 890 0 0 -1 0 1 0 1 0 0 stud.dat
 1 2 -230 0 870 0 0 -1 0 1 0 1 0 0 stud.dat
 1 2 -230 0 850 0 0 -1 0 1 0 1 0 0 stud.dat
 1 2 -230 0 830 0 0 -1 0 1 0 1 0 0 stud.dat
 1 2 -230 0 810 0 0 -1 0 1 0 1 0 0 stud.dat
 1 2 -230 0 790 0 0 -1 0 1 0 1 0 0 stud.dat
 1 2 -230 0 770 0 0 -1 0 1 0 1 0 0 stud.dat
 1 2 -230 0 750 0 0 -1 0 1 0 1 0 0 stud.dat
 1 2 -230 0 730 0 0 -1 0 1 0 1 0 0 stud.dat
 1 2 -230 0 710 0 0 -1 0 1 0 1 0 0 stud.dat
 1 2 -230 0 690 0 0 -1 0 1 0 1 0 0 stud.dat
 1 2 -230 0 670 0 0 -1 0 1 0 1 0 0 stud.dat
 1 2 -230 0 650 0 0 -1 0 1 0 1 0 0 stud.dat
 1 2 -230 0 630 0 0 -1 0 1 0 1 0 0 stud.dat
 1 2 -230 0 610 0 0 -1 0 1 0 1 0 0 stud.dat
 1 2 -230 0 590 0 0 -1 0 1 0 1 0 0 stud.dat
 1 2 -230 0 570 0 0 -1 0 1 0 1 0 0 stud.dat
 1 2 -230 0 550 0 0 -1 0 1 0 1 0 0 stud.dat
 1 2 -230 0 530 0 0 -1 0 1 0 1 0 0 stud.dat
 1 2 -230 0 510 0 0 -1 0 1 0 1 0 0 stud.dat
 1 2 -230 0 490 0 0 -1 0 1 0 1 0 0 stud.dat
 1 2 -230 0 470 0 0 -1 0 1 0 1 0 0 stud.dat
 1 2 -230 0 450 0 0 -1 0 1 0 1 0 0 stud.dat
 1 2 -230 0 430 0 0 -1 0 1 0 1 0 0 stud.dat
 1 2 -230 0 410 0 0 -1 0 1 0 1 0 0 stud.dat
 1 2 -230 0 390 0 0 -1 0 1 0 1 0 0 stud.dat
 1 2 -230 0 370 0 0 -1 0 1 0 1 0 0 stud.dat
 1 2 -230 0 350 0 0 -1 0 1 0 1 0 0 stud.dat
 1 2 -230 0 330 0 0 -1 0 1 0 1 0 0 stud.dat
 1 2 -210 0 950 0 0 -1 0 1 0 1 0 0 stud.dat
 1 2 -210 0 930 0 0 -1 0 1 0 1 0 0 stud.dat
 1 2 -210 0 910 0 0 -1 0 1 0 1 0 0 stud.dat
 1 2 -210 0 890 0 0 -1 0 1 0 1 0 0 stud.dat
 1 2 -210 0 870 0 0 -1 0 1 0 1 0 0 stud.dat
 1 2 -210 0 850 0 0 -1 0 1 0 1 0 0 stud.dat
 1 2 -210 0 830 0 0 -1 0 1 0 1 0 0 stud.dat
 1 2 -210 0 810 0 0 -1 0 1 0 1 0 0 stud.dat
 1 2 -210 0 790 0 0 -1 0 1 0 1 0 0 stud.dat
 1 2 -210 0 770 0 0 -1 0 1 0 1 0 0 stud.dat
 1 2 -210 0 750 0 0 -1 0 1 0 1 0 0 stud.dat
 1 2 -210 0 730 0 0 -1 0 1 0 1 0 0 stud.dat
 1 2 -210 0 710 0 0 -1 0 1 0 1 0 0 stud.dat
 1 2 -210 0 690 0 0 -1 0 1 0 1 0 0 stud.dat
 1 2 -210 0 670 0 0 -1 0 1 0 1 0 0 stud.dat
 1 2 -210 0 650 0 0 -1 0 1 0 1 0 0 stud.dat
 1 2 -210 0 630 0 0 -1 0 1 0 1 0 0 stud.dat
 1 2 -210 0 610 0 0 -1 0 1 0 1 0 0 stud.dat
 1 2 -210 0 590 0 0 -1 0 1 0 1 0 0 stud.dat
 1 2 -210 0 570 0 0 -1 0 1 0 1 0 0 stud.dat
 1 2 -210 0 550 0 0 -1 0 1 0 1 0 0 stud.dat
 1 2 -210 0 530 0 0 -1 0 1 0 1 0 0 stud.dat
 1 2 -210 0 510 0 0 -1 0 1 0 1 0 0 stud.dat
 1 2 -210 0 490 0 0 -1 0 1 0 1 0 0 stud.dat
 1 2 -210 0 470 0 0 -1 0 1 0 1 0 0 stud.dat
 1 2 -210 0 450 0 0 -1 0 1 0 1 0 0 stud.dat
 1 2 -210 0 430 0 0 -1 0 1 0 1 0 0 stud.dat
 1 2 -210 0 410 0 0 -1 0 1 0 1 0 0 stud.dat
 1 2 -210 0 390 0 0 -1 0 1 0 1 0 0 stud.dat
 1 2 -210 0 370 0 0 -1 0 1 0 1 0 0 stud.dat
 1 2 -210 0 350 0 0 -1 0 1 0 1 0 0 stud.dat
 1 2 -210 0 330 0 0 -1 0 1 0 1 0 0 stud.dat
 1 2 -190 0 950 0 0 -1 0 1 0 1 0 0 stud.dat
 1 2 -190 0 930 0 0 -1 0 1 0 1 0 0 stud.dat
 1 2 -190 0 910 0 0 -1 0 1 0 1 0 0 stud.dat
 1 2 -190 0 890 0 0 -1 0 1 0 1 0 0 stud.dat
 1 2 -190 0 870 0 0 -1 0 1 0 1 0 0 stud.dat
 1 2 -190 0 850 0 0 -1 0 1 0 1 0 0 stud.dat
 1 2 -190 0 830 0 0 -1 0 1 0 1 0 0 stud.dat
 1 2 -190 0 810 0 0 -1 0 1 0 1 0 0 stud.dat
 1 2 -190 0 790 0 0 -1 0 1 0 1 0 0 stud.dat
 1 2 -190 0 770 0 0 -1 0 1 0 1 0 0 stud.dat
 1 2 -190 0 750 0 0 -1 0 1 0 1 0 0 stud.dat
 1 2 -190 0 730 0 0 -1 0 1 0 1 0 0 stud.dat
 1 2 -190 0 710 0 0 -1 0 1 0 1 0 0 stud.dat
 1 2 -190 0 690 0 0 -1 0 1 0 1 0 0 stud.dat
 1 2 -190 0 670 0 0 -1 0 1 0 1 0 0 stud.dat
 1 2 -190 0 650 0 0 -1 0 1 0 1 0 0 stud.dat
 1 2 -190 0 630 0 0 -1 0 1 0 1 0 0 stud.dat
 1 2 -190 0 610 0 0 -1 0 1 0 1 0 0 stud.dat
 1 2 -190 0 590 0 0 -1 0 1 0 1 0 0 stud.dat
 1 2 -190 0 570 0 0 -1 0 1 0 1 0 0 stud.dat
 1 2 -190 0 550 0 0 -1 0 1 0 1 0 0 stud.dat
 1 2 -190 0 530 0 0 -1 0 1 0 1 0 0 stud.dat
 1 2 -190 0 510 0 0 -1 0 1 0 1 0 0 stud.dat
 1 2 -190 0 490 0 0 -1 0 1 0 1 0 0 stud.dat
 1 2 -190 0 470 0 0 -1 0 1 0 1 0 0 stud.dat
 1 2 -190 0 450 0 0 -1 0 1 0 1 0 0 stud.dat
 1 2 -190 0 430 0 0 -1 0 1 0 1 0 0 stud.dat
 1 2 -190 0 410 0 0 -1 0 1 0 1 0 0 stud.dat
 1 2 -190 0 390 0 0 -1 0 1 0 1 0 0 stud.dat
 1 2 -190 0 370 0 0 -1 0 1 0 1 0 0 stud.dat
 1 2 -190 0 350 0 0 -1 0 1 0 1 0 0 stud.dat
 1 2 -190 0 330 0 0 -1 0 1 0 1 0 0 stud.dat
 1 2 -170 0 930 0 0 -1 0 1 0 1 0 0 stud.dat
 1 2 -170 0 910 0 0 -1 0 1 0 1 0 0 stud.dat
 1 2 -170 0 890 0 0 -1 0 1 0 1 0 0 stud.dat
 1 2 -170 0 870 0 0 -1 0 1 0 1 0 0 stud.dat
 1 2 -170 0 850 0 0 -1 0 1 0 1 0 0 stud.dat
 1 2 -170 0 830 0 0 -1 0 1 0 1 0 0 stud.dat
 1 2 -170 0 810 0 0 -1 0 1 0 1 0 0 stud.dat
 1 2 -170 0 790 0 0 -1 0 1 0 1 0 0 stud.dat
 1 2 -170 0 770 0 0 -1 0 1 0 1 0 0 stud.dat
 1 2 -170 0 750 0 0 -1 0 1 0 1 0 0 stud.dat
 1 2 -170 0 730 0 0 -1 0 1 0 1 0 0 stud.dat
 1 2 -170 0 710 0 0 -1 0 1 0 1 0 0 stud.dat
 1 2 -170 0 690 0 0 -1 0 1 0 1 0 0 stud.dat
 1 2 -170 0 670 0 0 -1 0 1 0 1 0 0 stud.dat
 1 2 -170 0 650 0 0 -1 0 1 0 1 0 0 stud.dat
 1 2 -170 0 630 0 0 -1 0 1 0 1 0 0 stud.dat
 1 2 -170 0 610 0 0 -1 0 1 0 1 0 0 stud.dat
 1 2 -170 0 590 0 0 -1 0 1 0 1 0 0 stud.dat
 1 2 -170 0 570 0 0 -1 0 1 0 1 0 0 stud.dat
 1 2 -170 0 550 0 0 -1 0 1 0 1 0 0 stud.dat
 1 2 -170 0 530 0 0 -1 0 1 0 1 0 0 stud.dat
 1 2 -170 0 510 0 0 -1 0 1 0 1 0 0 stud.dat
 1 2 -170 0 490 0 0 -1 0 1 0 1 0 0 stud.dat
 1 2 -170 0 470 0 0 -1 0 1 0 1 0 0 stud.dat
 1 2 -170 0 450 0 0 -1 0 1 0 1 0 0 stud.dat
 1 2 -170 0 430 0 0 -1 0 1 0 1 0 0 stud.dat
 1 2 -170 0 410 0 0 -1 0 1 0 1 0 0 stud.dat
 1 2 -170 0 390 0 0 -1 0 1 0 1 0 0 stud.dat
 1 2 -170 0 370 0 0 -1 0 1 0 1 0 0 stud.dat
 1 2 -170 0 350 0 0 -1 0 1 0 1 0 0 stud.dat
 1 2 -150 0 910 0 0 -1 0 1 0 1 0 0 stud.dat
 1 2 -150 0 890 0 0 -1 0 1 0 1 0 0 stud.dat
 1 2 -150 0 870 0 0 -1 0 1 0 1 0 0 stud.dat
 1 2 -150 0 850 0 0 -1 0 1 0 1 0 0 stud.dat
 1 2 -150 0 830 0 0 -1 0 1 0 1 0 0 stud.dat
 1 2 -150 0 810 0 0 -1 0 1 0 1 0 0 stud.dat
 1 2 -150 0 790 0 0 -1 0 1 0 1 0 0 stud.dat
 1 2 -150 0 770 0 0 -1 0 1 0 1 0 0 stud.dat
 1 2 -150 0 750 0 0 -1 0 1 0 1 0 0 stud.dat
 1 2 -150 0 730 0 0 -1 0 1 0 1 0 0 stud.dat
 1 2 -150 0 710 0 0 -1 0 1 0 1 0 0 stud.dat
 1 2 -150 0 690 0 0 -1 0 1 0 1 0 0 stud.dat
 1 2 -150 0 670 0 0 -1 0 1 0 1 0 0 stud.dat
 1 2 -150 0 650 0 0 -1 0 1 0 1 0 0 stud.dat
 1 2 -150 0 630 0 0 -1 0 1 0 1 0 0 stud.dat
 1 2 -150 0 610 0 0 -1 0 1 0 1 0 0 stud.dat
 1 2 -150 0 590 0 0 -1 0 1 0 1 0 0 stud.dat
 1 2 -150 0 570 0 0 -1 0 1 0 1 0 0 stud.dat
 1 2 -150 0 550 0 0 -1 0 1 0 1 0 0 stud.dat
 1 2 -150 0 530 0 0 -1 0 1 0 1 0 0 stud.dat
 1 2 -150 0 510 0 0 -1 0 1 0 1 0 0 stud.dat
 1 2 -150 0 490 0 0 -1 0 1 0 1 0 0 stud.dat
 1 2 -150 0 470 0 0 -1 0 1 0 1 0 0 stud.dat
 1 2 -150 0 450 0 0 -1 0 1 0 1 0 0 stud.dat
 1 2 -150 0 430 0 0 -1 0 1 0 1 0 0 stud.dat
 1 2 -150 0 410 0 0 -1 0 1 0 1 0 0 stud.dat
 1 2 -150 0 390 0 0 -1 0 1 0 1 0 0 stud.dat
 1 2 -150 0 370 0 0 -1 0 1 0 1 0 0 stud.dat
 1 2 30 0 770 0 0 -1 0 1 0 1 0 0 stud.dat
 1 2 30 0 750 0 0 -1 0 1 0 1 0 0 stud.dat
 1 2 30 0 730 0 0 -1 0 1 0 1 0 0 stud.dat
 1 2 30 0 710 0 0 -1 0 1 0 1 0 0 stud.dat
 1 2 30 0 690 0 0 -1 0 1 0 1 0 0 stud.dat
 1 2 30 0 670 0 0 -1 0 1 0 1 0 0 stud.dat
 1 2 30 0 650 0 0 -1 0 1 0 1 0 0 stud.dat
 1 2 30 0 630 0 0 -1 0 1 0 1 0 0 stud.dat
 1 2 30 0 610 0 0 -1 0 1 0 1 0 0 stud.dat
 1 2 30 0 590 0 0 -1 0 1 0 1 0 0 stud.dat
 1 2 30 0 570 0 0 -1 0 1 0 1 0 0 stud.dat
 1 2 30 0 550 0 0 -1 0 1 0 1 0 0 stud.dat
 1 2 30 0 530 0 0 -1 0 1 0 1 0 0 stud.dat
 1 2 30 0 510 0 0 -1 0 1 0 1 0 0 stud.dat
 1 2 50 0 770 0 0 -1 0 1 0 1 0 0 stud.dat
 1 2 50 0 750 0 0 -1 0 1 0 1 0 0 stud.dat
 1 2 50 0 730 0 0 -1 0 1 0 1 0 0 stud.dat
 1 2 50 0 710 0 0 -1 0 1 0 1 0 0 stud.dat
 1 2 50 0 690 0 0 -1 0 1 0 1 0 0 stud.dat
 1 2 50 0 670 0 0 -1 0 1 0 1 0 0 stud.dat
 1 2 50 0 650 0 0 -1 0 1 0 1 0 0 stud.dat
 1 2 50 0 630 0 0 -1 0 1 0 1 0 0 stud.dat
 1 2 50 0 610 0 0 -1 0 1 0 1 0 0 stud.dat
 1 2 50 0 590 0 0 -1 0 1 0 1 0 0 stud.dat
 1 2 50 0 570 0 0 -1 0 1 0 1 0 0 stud.dat
 1 2 50 0 550 0 0 -1 0 1 0 1 0 0 stud.dat
 1 2 50 0 530 0 0 -1 0 1 0 1 0 0 stud.dat
 1 2 50 0 510 0 0 -1 0 1 0 1 0 0 stud.dat
 1 2 190 0 950 0 0 -1 0 1 0 1 0 0 stud.dat
 1 2 190 0 330 0 0 -1 0 1 0 1 0 0 stud.dat
 1 2 210 0 950 0 0 -1 0 1 0 1 0 0 stud.dat
 1 2 210 0 930 0 0 -1 0 1 0 1 0 0 stud.dat
 1 2 210 0 350 0 0 -1 0 1 0 1 0 0 stud.dat
 1 2 210 0 330 0 0 -1 0 1 0 1 0 0 stud.dat
 1 2 230 0 950 0 0 -1 0 1 0 1 0 0 stud.dat
 1 2 230 0 930 0 0 -1 0 1 0 1 0 0 stud.dat
 1 2 230 0 910 0 0 -1 0 1 0 1 0 0 stud.dat
 1 2 230 0 890 0 0 -1 0 1 0 1 0 0 stud.dat
 1 2 230 0 870 0 0 -1 0 1 0 1 0 0 stud.dat
 1 2 230 0 850 0 0 -1 0 1 0 1 0 0 stud.dat
 1 2 230 0 830 0 0 -1 0 1 0 1 0 0 stud.dat
 1 2 230 0 810 0 0 -1 0 1 0 1 0 0 stud.dat
 1 2 230 0 790 0 0 -1 0 1 0 1 0 0 stud.dat
 1 2 230 0 770 0 0 -1 0 1 0 1 0 0 stud.dat
 1 2 230 0 750 0 0 -1 0 1 0 1 0 0 stud.dat
 1 2 230 0 730 0 0 -1 0 1 0 1 0 0 stud.dat
 1 2 230 0 710 0 0 -1 0 1 0 1 0 0 stud.dat
 1 2 230 0 690 0 0 -1 0 1 0 1 0 0 stud.dat
 1 2 230 0 670 0 0 -1 0 1 0 1 0 0 stud.dat
 1 2 230 0 650 0 0 -1 0 1 0 1 0 0 stud.dat
 1 2 230 0 630 0 0 -1 0 1 0 1 0 0 stud.dat
 1 2 230 0 610 0 0 -1 0 1 0 1 0 0 stud.dat
 1 2 230 0 590 0 0 -1 0 1 0 1 0 0 stud.dat
 1 2 230 0 570 0 0 -1 0 1 0 1 0 0 stud.dat
 1 2 230 0 550 0 0 -1 0 1 0 1 0 0 stud.dat
 1 2 230 0 530 0 0 -1 0 1 0 1 0 0 stud.dat
 1 2 230 0 510 0 0 -1 0 1 0 1 0 0 stud.dat
 1 2 230 0 490 0 0 -1 0 1 0 1 0 0 stud.dat
 1 2 230 0 470 0 0 -1 0 1 0 1 0 0 stud.dat
 1 2 230 0 450 0 0 -1 0 1 0 1 0 0 stud.dat
 1 2 230 0 430 0 0 -1 0 1 0 1 0 0 stud.dat
 1 2 230 0 410 0 0 -1 0 1 0 1 0 0 stud.dat
 1 2 230 0 390 0 0 -1 0 1 0 1 0 0 stud.dat
 1 2 230 0 370 0 0 -1 0 1 0 1 0 0 stud.dat
 1 2 230 0 350 0 0 -1 0 1 0 1 0 0 stud.dat
 1 2 230 0 330 0 0 -1 0 1 0 1 0 0 stud.dat
 1 2 250 0 950 0 0 -1 0 1 0 1 0 0 stud.dat
 1 2 250 0 930 0 0 -1 0 1 0 1 0 0 stud.dat
 1 2 250 0 910 0 0 -1 0 1 0 1 0 0 stud.dat
 1 2 250 0 890 0 0 -1 0 1 0 1 0 0 stud.dat
 1 2 250 0 870 0 0 -1 0 1 0 1 0 0 stud.dat
 1 2 250 0 850 0 0 -1 0 1 0 1 0 0 stud.dat
 1 2 250 0 830 0 0 -1 0 1 0 1 0 0 stud.dat
 1 2 250 0 810 0 0 -1 0 1 0 1 0 0 stud.dat
 1 2 250 0 790 0 0 -1 0 1 0 1 0 0 stud.dat
 1 2 250 0 770 0 0 -1 0 1 0 1 0 0 stud.dat
 1 2 250 0 750 0 0 -1 0 1 0 1 0 0 stud.dat
 1 2 250 0 730 0 0 -1 0 1 0 1 0 0 stud.dat
 1 2 250 0 710 0 0 -1 0 1 0 1 0 0 stud.dat
 1 2 250 0 690 0 0 -1 0 1 0 1 0 0 stud.dat
 1 2 250 0 670 0 0 -1 0 1 0 1 0 0 stud.dat
 1 2 250 0 650 0 0 -1 0 1 0 1 0 0 stud.dat
 1 2 250 0 630 0 0 -1 0 1 0 1 0 0 stud.dat
 1 2 250 0 610 0 0 -1 0 1 0 1 0 0 stud.dat
 1 2 250 0 590 0 0 -1 0 1 0 1 0 0 stud.dat
 1 2 250 0 570 0 0 -1 0 1 0 1 0 0 stud.dat
 1 2 250 0 550 0 0 -1 0 1 0 1 0 0 stud.dat
 1 2 250 0 530 0 0 -1 0 1 0 1 0 0 stud.dat
 1 2 250 0 510 0 0 -1 0 1 0 1 0 0 stud.dat
 1 2 250 0 490 0 0 -1 0 1 0 1 0 0 stud.dat
 1 2 250 0 470 0 0 -1 0 1 0 1 0 0 stud.dat
 1 2 250 0 450 0 0 -1 0 1 0 1 0 0 stud.dat
 1 2 250 0 430 0 0 -1 0 1 0 1 0 0 stud.dat
 1 2 250 0 410 0 0 -1 0 1 0 1 0 0 stud.dat
 1 2 250 0 390 0 0 -1 0 1 0 1 0 0 stud.dat
 1 2 250 0 370 0 0 -1 0 1 0 1 0 0 stud.dat
 1 2 250 0 350 0 0 -1 0 1 0 1 0 0 stud.dat
 1 2 250 0 330 0 0 -1 0 1 0 1 0 0 stud.dat
 1 2 270 0 950 0 0 -1 0 1 0 1 0 0 stud.dat
 1 2 270 0 930 0 0 -1 0 1 0 1 0 0 stud.dat
 1 2 270 0 910 0 0 -1 0 1 0 1 0 0 stud.dat
 1 2 270 0 890 0 0 -1 0 1 0 1 0 0 stud.dat
 1 2 270 0 870 0 0 -1 0 1 0 1 0 0 stud.dat
 1 2 270 0 850 0 0 -1 0 1 0 1 0 0 stud.dat
 1 2 270 0 830 0 0 -1 0 1 0 1 0 0 stud.dat
 1 2 270 0 810 0 0 -1 0 1 0 1 0 0 stud.dat
 1 2 270 0 790 0 0 -1 0 1 0 1 0 0 stud.dat
 1 2 270 0 770 0 0 -1 0 1 0 1 0 0 stud.dat
 1 2 270 0 750 0 0 -1 0 1 0 1 0 0 stud.dat
 1 2 270 0 730 0 0 -1 0 1 0 1 0 0 stud.dat
 1 2 270 0 710 0 0 -1 0 1 0 1 0 0 stud.dat
 1 2 270 0 690 0 0 -1 0 1 0 1 0 0 stud.dat
 1 2 270 0 670 0 0 -1 0 1 0 1 0 0 stud.dat
 1 2 270 0 650 0 0 -1 0 1 0 1 0 0 stud.dat
 1 2 270 0 630 0 0 -1 0 1 0 1 0 0 stud.dat
 1 2 270 0 610 0 0 -1 0 1 0 1 0 0 stud.dat
 1 2 270 0 590 0 0 -1 0 1 0 1 0 0 stud.dat
 1 2 270 0 570 0 0 -1 0 1 0 1 0 0 stud.dat
 1 2 270 0 550 0 0 -1 0 1 0 1 0 0 stud.dat
 1 2 270 0 530 0 0 -1 0 1 0 1 0 0 stud.dat
 1 2 270 0 510 0 0 -1 0 1 0 1 0 0 stud.dat
 1 2 270 0 490 0 0 -1 0 1 0 1 0 0 stud.dat
 1 2 270 0 470 0 0 -1 0 1 0 1 0 0 stud.dat
 1 2 270 0 450 0 0 -1 0 1 0 1 0 0 stud.dat
 1 2 270 0 430 0 0 -1 0 1 0 1 0 0 stud.dat
 1 2 270 0 410 0 0 -1 0 1 0 1 0 0 stud.dat
 1 2 270 0 390 0 0 -1 0 1 0 1 0 0 stud.dat
 1 2 270 0 370 0 0 -1 0 1 0 1 0 0 stud.dat
 1 2 270 0 350 0 0 -1 0 1 0 1 0 0 stud.dat
 1 2 270 0 330 0 0 -1 0 1 0 1 0 0 stud.dat
 1 2 290 0 950 0 0 -1 0 1 0 1 0 0 stud.dat
 1 2 290 0 930 0 0 -1 0 1 0 1 0 0 stud.dat
 1 2 290 0 910 0 0 -1 0 1 0 1 0 0 stud.dat
 1 2 290 0 890 0 0 -1 0 1 0 1 0 0 stud.dat
 1 2 290 0 870 0 0 -1 0 1 0 1 0 0 stud.dat
 1 2 290 0 850 0 0 -1 0 1 0 1 0 0 stud.dat
 1 2 290 0 830 0 0 -1 0 1 0 1 0 0 stud.dat
 1 2 290 0 810 0 0 -1 0 1 0 1 0 0 stud.dat
 1 2 290 0 790 0 0 -1 0 1 0 1 0 0 stud.dat
 1 2 290 0 770 0 0 -1 0 1 0 1 0 0 stud.dat
 1 2 290 0 750 0 0 -1 0 1 0 1 0 0 stud.dat
 1 2 290 0 730 0 0 -1 0 1 0 1 0 0 stud.dat
 1 2 290 0 710 0 0 -1 0 1 0 1 0 0 stud.dat
 1 2 290 0 690 0 0 -1 0 1 0 1 0 0 stud.dat
 1 2 290 0 670 0 0 -1 0 1 0 1 0 0 stud.dat
 1 2 290 0 650 0 0 -1 0 1 0 1 0 0 stud.dat
 1 2 290 0 630 0 0 -1 0 1 0 1 0 0 stud.dat
 1 2 290 0 610 0 0 -1 0 1 0 1 0 0 stud.dat
 1 2 290 0 590 0 0 -1 0 1 0 1 0 0 stud.dat
 1 2 290 0 570 0 0 -1 0 1 0 1 0 0 stud.dat
 1 2 290 0 550 0 0 -1 0 1 0 1 0 0 stud.dat
 1 2 290 0 530 0 0 -1 0 1 0 1 0 0 stud.dat
 1 2 290 0 510 0 0 -1 0 1 0 1 0 0 stud.dat
 1 2 290 0 490 0 0 -1 0 1 0 1 0 0 stud.dat
 1 2 290 0 470 0 0 -1 0 1 0 1 0 0 stud.dat
 1 2 290 0 450 0 0 -1 0 1 0 1 0 0 stud.dat
 1 2 290 0 430 0 0 -1 0 1 0 1 0 0 stud.dat
 1 2 290 0 410 0 0 -1 0 1 0 1 0 0 stud.dat
 1 2 290 0 390 0 0 -1 0 1 0 1 0 0 stud.dat
 1 2 290 0 370 0 0 -1 0 1 0 1 0 0 stud.dat
 1 2 290 0 350 0 0 -1 0 1 0 1 0 0 stud.dat
 1 2 290 0 330 0 0 -1 0 1 0 1 0 0 stud.dat
 1 2 310 0 950 0 0 -1 0 1 0 1 0 0 stud.dat
 1 2 310 0 930 0 0 -1 0 1 0 1 0 0 stud.dat
 1 2 310 0 910 0 0 -1 0 1 0 1 0 0 stud.dat
 1 2 310 0 890 0 0 -1 0 1 0 1 0 0 stud.dat
 1 2 310 0 870 0 0 -1 0 1 0 1 0 0 stud.dat
 1 2 310 0 850 0 0 -1 0 1 0 1 0 0 stud.dat
 1 2 310 0 830 0 0 -1 0 1 0 1 0 0 stud.dat
 1 2 310 0 810 0 0 -1 0 1 0 1 0 0 stud.dat
 1 2 310 0 790 0 0 -1 0 1 0 1 0 0 stud.dat
 1 2 310 0 770 0 0 -1 0 1 0 1 0 0 stud.dat
 1 2 310 0 750 0 0 -1 0 1 0 1 0 0 stud.dat
 1 2 310 0 730 0 0 -1 0 1 0 1 0 0 stud.dat
 1 2 310 0 710 0 0 -1 0 1 0 1 0 0 stud.dat
 1 2 310 0 690 0 0 -1 0 1 0 1 0 0 stud.dat
 1 2 310 0 670 0 0 -1 0 1 0 1 0 0 stud.dat
 1 2 310 0 650 0 0 -1 0 1 0 1 0 0 stud.dat
 1 2 310 0 630 0 0 -1 0 1 0 1 0 0 stud.dat
 1 2 310 0 610 0 0 -1 0 1 0 1 0 0 stud.dat
 1 2 310 0 590 0 0 -1 0 1 0 1 0 0 stud.dat
 1 2 310 0 570 0 0 -1 0 1 0 1 0 0 stud.dat
 1 2 310 0 550 0 0 -1 0 1 0 1 0 0 stud.dat
 1 2 310 0 530 0 0 -1 0 1 0 1 0 0 stud.dat
 1 2 310 0 510 0 0 -1 0 1 0 1 0 0 stud.dat
 1 2 310 0 490 0 0 -1 0 1 0 1 0 0 stud.dat
 1 2 310 0 470 0 0 -1 0 1 0 1 0 0 stud.dat
 1 2 310 0 450 0 0 -1 0 1 0 1 0 0 stud.dat
 1 2 310 0 430 0 0 -1 0 1 0 1 0 0 stud.dat
 1 2 310 0 410 0 0 -1 0 1 0 1 0 0 stud.dat
 1 2 310 0 390 0 0 -1 0 1 0 1 0 0 stud.dat
 1 2 310 0 370 0 0 -1 0 1 0 1 0 0 stud.dat
 1 2 310 0 350 0 0 -1 0 1 0 1 0 0 stud.dat
 1 2 310 0 330 0 0 -1 0 1 0 1 0 0 stud.dat
 1 2 -316 4 956 0 0 -4 0 0 0 4 0 0 1-4edge.dat
 2 10 -320 4 956 -320 4 324
 1 2 -316 4 324 0 0 -4 0 0 0 -4 0 0 1-4edge.dat
 2 10 -316 4 320 316 4 320
 1 2 316 4 324 0 0 4 0 0 0 -4 0 0 1-4edge.dat
 2 10 320 4 324 320 4 956
 1 2 316 4 956 0 0 4 0 0 0 4 0 0 1-4edge.dat
 2 10 316 4 960 -316 4 960
 1 2 -316 0 956 0 0 -4 0 0 0 4 0 0 1-4edge.dat
 2 10 -320 0 956 -320 0 324
 1 2 -316 0 324 0 0 -4 0 0 0 -4 0 0 1-4edge.dat
 2 10 -316 0 320 316 0 320
 1 2 316 0 324 0 0 4 0 0 0 -4 0 0 1-4edge.dat
 2 10 320 0 324 320 0 956
 1 2 316 0 956 0 0 4 0 0 0 4 0 0 1-4edge.dat
 2 10 316 0 960 -316 0 960
 1 2 -316 4 956 0 0 -4 0 0 0 4 0 0 1-4disc.dat
 4 2 -316 4 956 -320 4 956 -320 4 324 -316 4 324
 1 2 -316 4 324 0 0 -4 0 0 0 -4 0 0 1-4disc.dat
 4 2 -316 4 324 -316 4 320 316 4 320 316 4 324
 1 2 316 4 324 0 0 4 0 0 0 -4 0 0 1-4disc.dat
 4 2 316 4 324 320 4 324 320 4 956 316 4 956
 1 2 316 4 956 0 0 4 0 0 0 4 0 0 1-4disc.dat
 4 2 316 4 956 316 4 960 -316 4 960 -316 4 956
 4 2 -316 4 956 -316 4 324 316 4 324 316 4 956
 1 2 -316 0 956 0 0 -4 0 4 0 4 0 0 1-4cyli.dat
 4 2 -320 4 956 -320 0 956 -320 0 324 -320 4 324
 1 2 -316 0 324 0 0 -4 0 4 0 -4 0 0 1-4cyli.dat
 4 2 -316 4 320 -316 0 320 316 0 320 316 4 320
 1 2 316 0 324 0 0 4 0 4 0 -4 0 0 1-4cyli.dat
 4 2 320 4 324 320 0 324 320 0 956 320 4 956
 1 2 316 0 956 0 0 4 0 4 0 4 0 0 1-4cyli.dat
 4 2 316 4 960 316 0 960 -316 0 960 -316 4 960
0
 1 2 -480 0 640 0 0 1 0 1 0 -1 0 0 3857.DAT
 1 7 -320 -24 460 1 0 0 0 1 0 0 0 1 3001.DAT
 1 4 -160 -24 890 1 0 0 0 1 0 0 0 1 3004.DAT
 1 0 -200 -24 850 0 0 1 0 1 0 -1 0 0 3002.DAT
 1 4 -190 -24 750 1 0 0 0 1 0 0 0 1 3622.DAT
 1 4 -150 -24 730 0 0 1 0 1 0 -1 0 0 3622.DAT
 1 4 -230 -24 730 0 0 1 0 1 0 -1 0 0 3622.DAT
 1 4 -310 -24 840 0 0 1 0 1 0 -1 0 0 3004.DAT
 1 4 -310 -24 890 -1 0 0 0 1 0 0 0 -1 2357.DAT
 1 4 -410 -24 890 1 0 0 0 1 0 0 0 1 3005.DAT
 1 4 -400 -24 810 1 0 0 0 1 0 0 0 1 3004.DAT
 1 4 -590 -24 830 0 0 1 0 1 0 -1 0 0 3622.DAT
 1 4 -410 -24 540 0 0 1 0 1 0 -1 0 0 3004.DAT
 1 4 -600 -24 550 0 0 1 0 1 0 -1 0 0 3002.DAT
 1 2 -720 0 640 0 0 1 0 1 0 -1 0 0 4187.DAT
 1 4 -790 -24 550 0 0 1 0 1 0 -1 0 0 3622.DAT
 1 4 -790 -24 890 1 0 0 0 1 0 0 0 1 3005.DAT
 1 4 -790 -24 830 0 0 1 0 1 0 -1 0 0 3622.DAT
 1 4 -400 -48 810 -1 0 0 0 1 0 0 0 -1 3004.DAT
 1 4 -410 -48 890 1 0 0 0 1 0 0 0 1 3005.DAT
 1 0 -200 -24 890 -1 0 0 0 1 0 0 0 -1 3747.DAT
 1 15 -320 -32 890 1 0 0 0 1 0 0 0 1 3023.DAT
 1 15 -310 -32 850 0 0 1 0 1 0 -1 0 0 101.DAT
 1 7 -190 -48 920 0 0 1 0 1 0 -1 0 0 4865.DAT
 1 7 -210 -48 920 0 0 -1 0 1 0 1 0 0 4865.DAT
 1 7 -200 -32 840 1 0 0 0 1 0 0 0 1 3068.DAT
 1 4 -320 -48 810 1 0 0 0 1 0 0 0 1 4864.DAT
 1 4 -360 -48 810 1 0 0 0 1 0 0 0 1 4864.DAT
 1 4 -400 -48 850 0 0 1 0 1 0 -1 0 0 4532.DAT
 1 4 50 -24 760 0 0 1 0 1 0 -1 0 0 3004.DAT
 1 4 230 -24 720 0 0 1 0 1 0 -1 0 0 3009.DAT
 1 4 -600 -24 890 1 0 0 0 1 0 0 0 1 3004.DAT
 1 2 480 0 640 0 0 1 0 1 0 -1 0 0 3857.DAT
 1 15 -410 -168 890 1 0 0 0 1 0 0 0 1 2453.DAT
 1 7 -190 -48 750 1 0 0 0 1 0 0 0 1 3005.DAT
 1 15 -170 -48 750 1 0 0 0 1 0 0 0 1 3665.DAT
 1 15 -210 -48 750 1 0 0 0 1 0 0 0 1 3665.DAT
 1 15 -380 -56 800 1 0 0 0 1 0 0 0 1 3022.DAT
 1 15 -330 -56 800 1 0 0 0 1 0 0 0 1 3021.DAT
 1 7 -190 -96 880 0 0 1 0 1 0 -1 0 0 2362.DAT
 1 7 -210 -96 880 0 0 -1 0 1 0 1 0 0 2362.DAT
 1 7 -190 -72 750 1 0 0 0 1 0 0 0 1 3040P32.DAT
 1 7 -190 -96 750 1 0 0 0 1 0 0 0 1 3005.DAT
 1 7 -190 -120 750 1 0 0 0 1 0 0 0 1 3005.DAT
 1 15 -160 -144 890 1 0 0 0 1 0 0 0 1 2454.DAT
 1 15 -790 -144 820 0 0 1 0 1 0 -1 0 0 2454.DAT
 1 4 -610 -24 820 0 0 1 0 1 0 -1 0 0 3004.DAT
 1 15 -600 -144 810 1 0 0 0 1 0 0 0 1 2454.DAT
 1 15 -600 -144 830 1 0 0 0 1 0 0 0 1 2454.DAT
 1 15 -400 -96 850 0 0 1 0 1 0 -1 0 0 4532.DAT
 1 15 -400 -144 850 0 0 1 0 1 0 -1 0 0 4532.DAT
 1 15 -410 -72 810 1 0 0 0 1 0 0 0 1 3005.DAT
 1 15 -410 -96 810 1 0 0 0 1 0 0 0 1 3005.DAT
 1 15 -410 -120 810 1 0 0 0 1 0 0 0 1 3005.DAT
 1 15 -410 -144 810 1 0 0 0 1 0 0 0 1 3005.DAT
 1 15 -410 -120 730 1 0 0 0 1 0 0 0 1 2453.DAT
 1 15 50 -144 760 0 0 1 0 1 0 -1 0 0 2454.DAT
 1 15 230 -144 760 0 0 1 0 1 0 -1 0 0 2454.DAT
 1 4 50 -24 520 0 0 -1 0 1 0 1 0 0 4216.DAT
 1 4 230 -24 520 0 0 1 0 1 0 -1 0 0 4216.DAT
 1 4 260 -24 530 1 0 0 0 1 0 0 0 1 3004.DAT
 1 4 400 -24 530 1 0 0 0 1 0 0 0 1 3004.DAT
 1 4 560 -24 530 1 0 0 0 1 0 0 0 1 3004.DAT
 1 4 570 -24 640 0 0 1 0 1 0 -1 0 0 3004.DAT
 1 4 550 -24 640 0 0 1 0 1 0 -1 0 0 3004.DAT
 1 4 410 -24 640 0 0 1 0 1 0 -1 0 0 3004.DAT
 1 4 390 -24 640 0 0 1 0 1 0 -1 0 0 3004.DAT
 1 4 250 -24 640 0 0 1 0 1 0 -1 0 0 3004.DAT
 1 4 250 -24 760 0 0 1 0 1 0 -1 0 0 3004.DAT
 1 4 390 -24 760 0 0 -1 0 1 0 1 0 0 3004.DAT
 1 4 410 -24 760 0 0 1 0 1 0 -1 0 0 3004.DAT
 1 4 550 -24 760 0 0 1 0 1 0 -1 0 0 3004.DAT
 1 4 570 -24 760 0 0 1 0 1 0 -1 0 0 3004.DAT
 1 4 570 -24 860 0 0 1 0 1 0 -1 0 0 3004.DAT
 1 4 550 -24 860 0 0 1 0 1 0 -1 0 0 3004.DAT
 1 4 410 -24 860 0 0 1 0 1 0 -1 0 0 3004.DAT
 1 4 390 -24 860 0 0 1 0 1 0 -1 0 0 3004.DAT
 1 4 250 -24 860 0 0 -1 0 1 0 1 0 0 3004.DAT
 1 15 260 -144 530 -1 0 0 0 1 0 0 0 -1 2454.DAT
 1 15 400 -144 530 1 0 0 0 1 0 0 0 1 2454.DAT
 1 15 560 -144 530 1 0 0 0 1 0 0 0 1 2454.DAT
 1 15 560 -144 630 1 0 0 0 1 0 0 0 1 2454.DAT
 1 15 560 -144 650 1 0 0 0 1 0 0 0 1 2454.DAT
 1 15 400 -144 630 1 0 0 0 1 0 0 0 1 2454.DAT
 1 15 400 -144 650 1 0 0 0 1 0 0 0 1 2454.DAT
 1 15 250 -144 640 0 0 1 0 1 0 -1 0 0 2454.DAT
 1 15 250 -144 760 0 0 1 0 1 0 -1 0 0 2454.DAT
 1 15 400 -144 750 -1 0 0 0 1 0 0 0 -1 2454.DAT
 1 15 560 -144 750 -1 0 0 0 1 0 0 0 -1 2454.DAT
 1 15 560 -144 770 1 0 0 0 1 0 0 0 1 2454.DAT
 1 15 400 -144 770 1 0 0 0 1 0 0 0 1 2454.DAT
 1 15 400 -144 870 1 0 0 0 1 0 0 0 1 2454.DAT
 1 15 560 -144 870 1 0 0 0 1 0 0 0 1 2454.DAT
 1 15 250 -144 860 0 0 1 0 1 0 -1 0 0 2454.DAT
 1 15 230 -48 520 0 0 1 0 1 0 -1 0 0 4216.DAT
 1 15 230 -72 520 0 0 1 0 1 0 -1 0 0 4216.DAT
 1 15 230 -96 520 0 0 1 0 1 0 -1 0 0 4216.DAT
 1 15 230 -120 520 0 0 1 0 1 0 -1 0 0 4216.DAT
 1 15 230 -144 520 0 0 1 0 1 0 -1 0 0 4216.DAT
 1 15 50 -48 520 0 0 -1 0 1 0 1 0 0 4216.DAT
 1 15 50 -72 520 0 0 -1 0 1 0 1 0 0 4216.DAT
 1 15 50 -96 520 0 0 -1 0 1 0 1 0 0 4216.DAT
 1 15 50 -120 520 0 0 -1 0 1 0 1 0 0 4216.DAT
 1 15 50 -144 520 0 0 -1 0 1 0 1 0 0 4216.DAT
 1 35 -170 -120 740 0 0 1 0 1 0 -1 0 0 2362.DAT
 1 35 -210 -120 740 0 0 -1 0 1 0 1 0 0 2362.DAT
 1 35 -200 -144 890 1 0 0 0 1 0 0 0 1 4864.DAT
 1 15 -150 -48 730 0 0 1 0 1 0 -1 0 0 3622.DAT
 1 15 -230 -48 730 0 0 1 0 1 0 -1 0 0 3622.DAT
 1 15 -230 -72 730 0 0 1 0 1 0 -1 0 0 3622.DAT
 1 15 -150 -72 730 0 0 1 0 1 0 -1 0 0 3622.DAT
 1 15 -150 -96 730 0 0 1 0 1 0 -1 0 0 3622.DAT
 1 15 -230 -96 730 0 0 1 0 1 0 -1 0 0 3622.DAT
 1 15 -230 -120 730 0 0 1 0 1 0 -1 0 0 3622.DAT
 1 15 -150 -120 730 0 0 1 0 1 0 -1 0 0 3622.DAT
 1 15 -410 -144 540 0 0 1 0 1 0 -1 0 0 2454.DAT
 1 15 -590 -144 550 0 0 1 0 1 0 -1 0 0 3755.DAT
 1 15 -610 -144 550 0 0 1 0 1 0 -1 0 0 3755.DAT
 1 15 -790 -144 550 0 0 1 0 1 0 -1 0 0 3755.DAT
 1 7 -740 -144 550 1 0 0 0 1 0 0 0 1 6160.DAT
 1 7 -660 -144 550 1 0 0 0 1 0 0 0 1 6160.DAT
 1 7 -540 -144 550 1 0 0 0 1 0 0 0 1 6160.DAT
 1 7 -460 -144 550 1 0 0 0 1 0 0 0 1 6160.DAT
 1 7 -410 -144 600 0 0 -1 0 1 0 1 0 0 6160.DAT
 1 7 -410 -144 680 0 0 -1 0 1 0 1 0 0 6160.DAT
 1 7 -250 -120 730 0 0 -1 0 1 0 1 0 0 73435.DAT
 1 7 -390 -120 730 0 0 1 0 1 0 -1 0 0 73436.DAT
 1 15 -200 -144 750 1 0 0 0 1 0 0 0 1 3010.DAT
 1 15 -150 -144 750 1 0 0 0 1 0 0 0 1 3005.DAT
 1 15 -500 -152 550 1 0 0 0 1 0 0 0 1 4477.DAT
 1 15 -700 -152 550 1 0 0 0 1 0 0 0 1 4477.DAT
 1 15 -280 -144 730 -1 0 0 0 1 0 0 0 -1 4217.DAT
 1 15 230 -168 640 0 0 1 0 1 0 -1 0 0 4217.DAT
 1 15 50 -168 640 0 0 -1 0 1 0 1 0 0 4217.DAT
 1 4 140 -24 520 1 0 0 0 1 0 0 0 1 4218.DAT
 1 4 140 -43 520 1 0 0 0 1 0 0 0 1 4219.DAT
 1 35 140 -62 520 1 0 0 0 1 0 0 0 1 4219.DAT
 1 35 140 -81 520 1 0 0 0 1 0 0 0 1 4219.DAT
 1 35 140 -100 520 1 0 0 0 1 0 0 0 1 4219.DAT
 1 4 140 -119 520 1 0 0 0 1 0 0 0 1 4219.DAT
 1 4 140 -138 520 1 0 0 0 1 0 0 0 1 4219.DAT
 1 4 140 -157 520 1 0 0 0 1 0 0 0 1 4219.DAT
 1 15 -230 -144 710 1 0 0 0 1 0 0 0 1 3005.DAT
 1 15 -150 -144 710 1 0 0 0 1 0 0 0 1 3005.DAT
 1 15 -410 -168 860 0 0 1 0 1 0 -1 0 0 3004.DAT
 1 15 -410 -152 740 0 0 1 0 1 0 -1 0 0 4477.DAT
 1 15 -420 -152 620 0 0 1 0 1 0 -1 0 0 3022.DAT
 1 15 -410 -152 580 0 0 1 0 1 0 -1 0 0 3023.DAT
 1 15 -430 -160 620 0 0 1 0 1 0 -1 0 0 3023.DAT
 1 15 -430 -168 620 0 0 1 0 1 0 -1 0 0 3023.DAT
 1 15 -600 -152 680 0 0 1 0 1 0 -1 0 0 2445.DAT
 1 15 -600 -160 620 1 0 0 0 1 0 0 0 1 3022.DAT
 1 15 -600 -168 620 1 0 0 0 1 0 0 0 1 3020.DAT
 1 15 -410 -152 530 1 0 0 0 1 0 0 0 1 3024.DAT
 1 15 -790 -152 530 1 0 0 0 1 0 0 0 1 3024.DAT
 1 15 -600 -152 530 1 0 0 0 1 0 0 0 1 3023.DAT
 1 15 -190 -168 730 1 0 0 0 1 0 0 0 1 3622.DAT
 1 15 -230 -168 730 0 0 1 0 1 0 -1 0 0 3622.DAT
 1 15 -150 -168 800 0 0 1 0 1 0 -1 0 0 6111.DAT
 1 15 -210 -168 820 0 0 1 0 1 0 -1 0 0 3008.DAT
 1 15 -410 -160 810 0 0 1 0 1 0 -1 0 0 101.DAT
 1 15 -600 -152 840 0 0 1 0 1 0 -1 0 0 3020.DAT
 1 15 -600 -160 860 1 0 0 0 1 0 0 0 1 3022.DAT
 1 15 -600 -168 860 1 0 0 0 1 0 0 0 1 3020.DAT
 1 15 -500 -176 840 1 0 0 0 1 0 0 0 1 3036.DAT
 1 15 -500 -176 720 1 0 0 0 1 0 0 0 1 3036.DAT
 1 15 -500 -176 660 1 0 0 0 1 0 0 0 1 3036.DAT
 1 15 -420 -168 810 0 0 1 0 1 0 -1 0 0 3021.DAT
 1 15 -320 -152 730 1 0 0 0 1 0 0 0 1 9.DAT
 1 15 -180 -168 890 1 0 0 0 1 0 0 0 1 3004.DAT
 1 15 -280 -176 840 1 0 0 0 1 0 0 0 1 3456.DAT
 1 15 -200 -176 740 1 0 0 0 1 0 0 0 1 3031.DAT
 1 15 -80 -176 740 -1 0 0 0 1 0 0 0 -1 3035.DAT
 1 15 140 -176 640 1 0 0 0 1 0 0 0 1 3033.DAT
 1 15 140 -176 540 1 0 0 0 1 0 0 0 1 3030.DAT
 1 15 120 -176 740 1 0 0 0 1 0 0 0 1 3029.DAT
 1 7 280 -296 530 1 0 0 0 1 0 0 0 1 6160.DAT
 1 7 360 -296 530 1 0 0 0 1 0 0 0 1 6160.DAT
 1 7 480 -296 530 1 0 0 0 1 0 0 0 1 6160.DAT
 1 7 560 -296 530 1 0 0 0 1 0 0 0 1 6160.DAT
 1 7 610 -296 580 0 0 -1 0 1 0 1 0 0 6160.DAT
 1 7 610 -296 660 0 0 -1 0 1 0 1 0 0 6160.DAT
 1 7 610 -296 760 0 0 -1 0 1 0 1 0 0 6160.DAT
 1 15 -790 -152 660 0 0 1 0 1 0 -1 0 0 4477.DAT
 1 15 -790 -152 820 0 0 1 0 1 0 -1 0 0 3666.DAT
 1 15 -790 -160 780 0 0 1 0 1 0 -1 0 0 4477.DAT
 1 15 -790 -160 640 0 0 1 0 1 0 -1 0 0 3710.DAT
 1 15 -780 -168 680 0 0 1 0 1 0 -1 0 0 3034.DAT
 1 15 -780 -168 820 0 0 1 0 1 0 -1 0 0 3795.DAT
 1 15 -700 -176 660 1 0 0 0 1 0 0 0 1 3036.DAT
 1 15 -700 -176 720 1 0 0 0 1 0 0 0 1 3036.DAT
 1 15 -700 -176 840 1 0 0 0 1 0 0 0 1 3036.DAT
 1 15 -600 -176 740 0 0 1 0 1 0 -1 0 0 4282.DAT
 1 15 -600 -176 550 0 0 -1 0 1 0 1 0 0 3002.DAT
 1 15 -410 -176 540 0 0 1 0 1 0 -1 0 0 3004.DAT
 1 15 -790 -176 550 0 0 1 0 1 0 -1 0 0 3622.DAT
 1 15 -410 -176 730 1 0 0 0 1 0 0 0 1 3005.DAT
 1 15 -410 -296 890 1 0 0 0 1 0 0 0 1 2453.DAT
 1 15 -230 -296 710 1 0 0 0 1 0 0 0 1 2453.DAT
 1 15 -150 -296 890 1 0 0 0 1 0 0 0 1 2453.DAT
 1 15 -410 -296 730 1 0 0 0 1 0 0 0 1 2453.DAT
 1 15 -410 -296 540 0 0 1 0 1 0 -1 0 0 2454.DAT
 1 15 -600 -296 570 -1 0 0 0 1 0 0 0 -1 2454.DAT
 1 15 -600 -296 550 1 0 0 0 1 0 0 0 1 2454.DAT
 1 15 -600 -296 530 1 0 0 0 1 0 0 0 1 2454.DAT
 1 15 -610 -296 800 0 0 1 0 1 0 -1 0 0 2454.DAT
 1 15 -590 -296 800 0 0 1 0 1 0 -1 0 0 2454.DAT
 1 15 -790 -288 800 0 0 1 0 1 0 -1 0 0 2454.DAT
 1 15 -790 -296 800 1 0 0 0 1 0 0 0 1 3023.DAT
 1 7 -280 -296 730 1 0 0 0 1 0 0 0 1 6160.DAT
 1 7 -360 -296 730 1 0 0 0 1 0 0 0 1 6160.DAT
 1 7 -410 -296 680 0 0 -1 0 1 0 1 0 0 6160.DAT
 1 7 -410 -296 600 0 0 -1 0 1 0 1 0 0 6160.DAT
 1 7 -460 -296 550 1 0 0 0 1 0 0 0 1 6160.DAT
 1 7 -540 -296 550 1 0 0 0 1 0 0 0 1 6160.DAT
 1 7 -660 -296 550 1 0 0 0 1 0 0 0 1 6160.DAT
 1 7 -740 -296 550 1 0 0 0 1 0 0 0 1 6160.DAT
 1 15 -790 -296 550 0 0 1 0 1 0 -1 0 0 3755.DAT
 1 7 -180 -296 710 1 0 0 0 1 0 0 0 1 2493.DAT
 1 7 -150 -296 840 0 0 -1 0 1 0 1 0 0 2493.DAT
 1 15 -160 -296 790 -1 0 0 0 1 0 0 0 -1 2454.DAT
 1 35 -100 -320 750 1 0 0 0 1 0 0 0 1 2571.DAT
 1 35 -20 -320 750 1 0 0 0 1 0 0 0 1 2571.DAT
 1 15 40 -296 710 1 0 0 0 1 0 0 0 1 2454.DAT
 1 15 50 -296 520 0 0 1 0 1 0 -1 0 0 2454.DAT
 1 15 230 -296 520 0 0 1 0 1 0 -1 0 0 2454.DAT
 1 15 240 -296 710 -1 0 0 0 1 0 0 0 -1 2454.DAT
0
 1 2 -940 -8 -120 0 0 1 0 1 0 -1 0 0 2445.DAT    
 1 2 -940 -8 120 0 0 1 0 1 0 -1 0 0 2445.DAT    
 1 2 -320 -8 300 1 0 0 0 1 0 0 0 1 2445.DAT    
 1 2 -320 -8 -300 1 0 0 0 1 0 0 0 1 2445.DAT    
 1 2 320 -8 -300 -1 0 0 0 1 0 0 0 -1 2445.DAT    
0
